1         31.4283         39.0494
2         31.2223         37.8466
3         30.3898         36.5114
4         29.4201         35.5071
5          26.183         35.0516
6          26.183         34.6701
7          26.183         33.6764
8         26.0061         32.9553
9         25.7751         32.2407
10         25.3183         31.6746
11         24.3985         31.5602
12         24.3985         31.1788
13         24.3985         30.9411
14         24.3985         30.6467
15         23.4514          30.727
16         23.4514         30.8215
17         23.4317         30.4071
18         22.9857          29.998
19         22.9857         30.0022
20         21.0019         29.3153
21         21.0019         28.8783
22         20.7625         28.3841
23         20.7625         27.6525
24         20.5087         26.7478
25         19.6875         26.2654
26          18.819          25.613
27          18.819         25.3362
28         18.6693         24.4796
29         18.6693         23.7258
30         18.2866         23.2013
31         18.2866         23.2552
32         17.0984         22.8115
33         17.0984         22.8988
34         17.0984         22.3317
35         16.7272         21.9749
36         16.7272         21.9169
37         15.3808         21.4894
38         15.3808         21.2381
39         15.3808         21.0263
40         15.3808         21.2111
41         15.3808          20.475
42         14.9065         20.2528
43         14.9065          19.764
44         14.4024         20.2606
45         14.4024         19.8433
46         14.4024          19.618
47         14.4024         19.2824
48         14.0784         19.5303
49         14.0662         19.1679
50         14.0662         19.0183
51         13.9777         18.9783
52         13.9777         19.1059
53         13.9395         19.2348
54         13.2289         19.1178
55         13.2289         18.7581
56         13.2289         18.4258
57         13.2289         18.5409
58         13.0292         18.2916
59         13.0292         18.1862
60         13.0292         17.9498
61         12.4096         17.4897
62         11.6755          17.358
63         11.6755         17.2105
64         11.6755         17.1937
65         11.5642         17.1442
66         11.5642         17.0139
67         11.5642         16.5112
68         11.3112          16.377
69         11.3112         15.6573
70         11.2302         16.0237
71         11.2302          15.737
72         11.0332         15.6029
73         10.9163         15.5537
74         10.7015         15.7087
75         10.6463         15.5253
76         10.3212         15.0782
77         10.3212         14.8486
78         10.1176         15.0465
79         10.1176         15.1015
80         9.95349         15.2039
81         9.95349          15.486
82         9.95349         15.6651
83         9.94061          15.573
84         9.94061         15.5416
85         9.94061         15.3534
86         9.94061         15.4261
87         9.92314         14.7607
88         9.92313         14.4608
89         9.92313         14.0573
90         9.92313         14.5331
91         9.92313         14.9241
92         9.92313         14.8883
93         9.88961         15.0012
94         9.88961         14.7117
95         9.88961         14.6323
96         9.88961         14.5794
97         9.88961         14.6021
98         9.88961         15.0024
99         9.88961         14.9705
100         9.86559         14.8183
101         9.78874         14.7766
102         9.78874         14.0823
103         9.66677         13.8255
104         9.46447         14.0239
105         9.37695         13.8759
106         9.37695         14.1828
107         9.36359         14.2022
108         9.36359         14.3694
109         9.33957         14.3764
110         9.33957          14.615
111         9.33957         14.2603
112         9.33957         14.1158
113         9.27607         14.3166
114         9.27607         14.6879
115         9.27607         14.4471
116         9.27607         14.4691
117         9.27607         14.4304
118         9.27607         14.4599
119         9.27607         14.5843
120         9.27607         14.5783
121         9.27607         14.2004
122         9.20872         14.6227
123         9.20872         14.4749
124         9.20872         14.5185
125         9.20872         14.7287
126         9.20872          14.069
127         9.20872          13.818
128         9.20872         13.5706
129         9.20872         13.7191
130         9.18693         13.5403
131         9.18693         13.2555
132         9.18693         12.7808
133         9.18693         12.9016
134         9.18693         12.9281
135         9.18693         12.5941
136         9.18693         12.2896
137         9.18693         12.5857
138         9.18693         12.4325
139         9.18693         12.8209
140         9.18693         13.0526
141         9.11691          13.234
142         9.11691         13.5096
143         8.95711         13.6225
144         8.89889         13.8489
145         8.70269         14.1415
146         8.70269          13.954
147         8.70269         14.3292
148         8.70269         13.8755
149         8.70269         13.2083
150         8.64657         13.1209
151         8.59351         12.8066
152         8.59351         12.9576
153         8.59351         12.8172
154         8.59351         13.3253
155         8.59351         13.5985
156         8.59351         13.7347
157         8.59351         13.9564
158         8.16915         13.4762
159         8.16915         13.2042
160         8.16915         13.8066
161         8.16915         13.5046
162         8.16915         13.2307
163         8.16915         13.0083
164         8.16915          13.056
165          7.7278         13.1806
166          7.7278         12.8027
167          7.7278         12.8986
168          7.7278         13.1264
169          7.7278         13.0492
170          7.7278         12.9573
171          7.7278         12.6299
172          7.7278         12.7202
173          7.7278         12.4909
174          7.3344         12.4575
175          7.3344         12.5786
176          7.3344         12.7288
177          7.3344         12.6396
178          7.3344         12.6208
179          7.3344          12.318
180          7.3344         12.1766
181          7.3344         12.3429
182          7.3344         12.7094
183          7.3344         12.5458
184          7.3344         13.0916
185          7.3344         12.8198
186          7.3344         13.3067
187          7.3344         13.7019
188          7.3344          13.507
189          7.3344         12.6933
190          7.3344         12.2834
191         7.07732          12.524
192         7.07732         12.3456
193         7.07732         12.3677
194         7.07732          12.489
195         6.76951         11.9538
196         6.76951         11.3085
197         6.76951         11.2765
198         6.76951         10.9668
199         6.76951         11.3455
200         6.76951          10.939
201         6.76951           10.91
202         6.76951         11.1632
203         6.76951         11.4873
204         6.76951         11.6961
205         6.76951         11.7139
206         6.76951         11.5188
207         6.76951         10.8838
208         6.76951         10.8332
209         6.31573         10.7623
210         6.31573         11.3091
211         6.31573         11.3961
212         6.31573          11.409
213         6.31573          11.565
214         6.31573         11.6566
215         6.31573         11.3666
216         6.31573         11.0259
217         6.31573         10.8182
218         6.31573         10.6565
219         6.31573         10.4762
220         6.31573         10.7226
221         6.31573         10.7302
222         6.31573         10.5863
223         6.31573         10.4961
224         6.31573         10.8784
225         6.31573         11.0741
226         6.31573         11.4391
227         6.25063         11.4478
228         6.25063          11.236
229         6.25063         10.9906
230         6.25063         11.3355
231         6.25063         10.9705
232         6.25063         11.2409
233         6.25063         12.2527
234         6.25063         12.4369
235         6.25063         11.9635
236         6.25063         12.1416
237         6.25063         12.1114
238         6.25063         12.1194
239         6.25063         11.6772
240         6.25063         11.6982
241         6.25063         11.8931
242         6.25063         11.8814
243         6.25063         11.6416
244         6.25063         11.9839
245         6.25063         11.6608
246         6.25063         12.3122
247         6.25063          12.019
248         6.25063         11.3387
249         6.25063         11.1745
250         6.25063         11.2023
251         6.25063         10.6149
252         6.25063         10.1712
253         6.25063          10.469
254         6.25063         10.3158
255         6.25063         10.2572
256         6.25063         10.3187
257         6.25063         10.7104
258         6.25063         11.1128
259         6.25063         11.2632
260         6.25063         11.3265
261         6.25063         11.3862
262         6.25063         11.5559
263         6.25063         11.5766
264         6.25063          10.789
265         6.25063         10.9261
266         6.25063         10.9348
267         6.25063         10.6191
268         6.25063         10.7571
269         6.25063         10.3618
270         6.25063         10.9955
271         6.25063         11.4547
272         6.25063         11.1038
273         6.25063         10.6313
274         6.25063         11.1012
275         6.25063         11.1476
276         6.25063         11.3327
277         6.25063         11.2942
278         6.25063         11.0059
279         6.25063         11.4246
280         6.25063         11.2481
281         6.25063         11.0017
282         6.25063          10.704
283         6.25063         10.3005
284         6.25063         10.9125
285         6.25063         10.7309
286         6.25063         10.4431
287         6.25063         10.4306
288         6.25063         10.7768
289         6.25063         11.0094
290         6.25063         10.9383
291         6.25063          10.898
292         6.25063         10.5217
293         6.25063         10.0134
294         6.25063         10.0996
295         6.25063         9.77843
296         6.25063         9.82877
297         6.25063         10.4955
298         6.25063         10.5946
299         6.25063         10.3911
300         6.25063         10.0484
301         6.25063         10.0486
302         6.25063         9.89627
303         6.25063         9.89636
304         6.25063         10.1475
305         6.25063         10.0622
306         6.25063         10.0491
307         6.25063         10.0626
308         6.25063         10.1473
309         6.25063         10.2455
310         6.25063         10.2165
311         6.25063         10.3438
312         6.25063         10.3999
313         6.25063         10.0599
314         6.25063         9.84827
315         6.25063         9.85178
316         6.25063         10.4955
317         6.25063         10.4938
318         6.25063         10.2264
319         6.25063         10.2835
320         6.25063         10.3515
321         6.25063         11.0225
322         6.25063         11.0537
323         6.25063         11.3434
324         6.25063         10.6414
325         6.25063         10.4839
326         6.25063         10.6877
327         6.25063         11.2953
328         6.25063         11.0512
329         6.25063         10.6159
330         6.25063         11.0632
331         6.25063         10.7588
332         6.25063         10.8264
333         6.25063         11.0711
334         6.25063         11.0421
335         6.25063         11.0857
336         6.25063         11.0298
337         6.25063         10.4966
338         6.24306         10.5605
339         6.24306         10.3072
340         6.24306         10.4604
341         6.24306         10.3776
342         6.24306         10.1137
343         6.24306         10.6879
344         6.24306         10.4878
345         6.24306          10.719
346         6.24306         10.7587
347         6.24306         10.5659
348         6.24306          10.704
349         6.24306         10.7293
350         6.24306         10.6215
351         6.24306         10.5778
352         6.24306         10.4149
353         6.24306         10.3981
354         6.24306         10.0299
355         6.24306         10.0029
356         6.24306         10.2928
357         6.24306         10.5214
358         6.24306         10.1206
359         6.24306         10.1304
360         6.24306         10.3153
361         6.24306         10.4937
362         6.24306         10.4458
363         6.24306         10.2911
364         6.24306         10.3042
365         6.24306         9.81316
366         6.24306         10.0423
367         6.24306         10.2371
368         6.24306         10.0176
369         6.24306         10.0115
370         6.24306         9.75979
371         6.24306         10.0223
372         6.24306         9.98027
373         6.24306         10.1319
374         6.24306         10.5108
375         6.24306         10.2587
376         6.24306         10.4836
377         6.24306         10.2256
378         6.24306         10.2991
379         6.24306          10.236
380         6.24306         10.4149
381         6.24306         10.4148
382         6.24306         10.8454
383         6.24306          10.794
384         6.24306         10.3852
385         6.24306         10.3255
386         6.24306          11.073
387         6.24306         11.3307
388         6.24306         11.5612
389         6.24306         11.7499
390         6.24306         11.7329
391         6.24306         11.1135
392         6.24306         11.8439
393         6.24306         11.7187
394         6.24306          11.316
395         6.24306         11.2204
396         6.24306         11.0433
397         6.24306         11.3258
398         6.24306         11.1641
399         6.24306         11.2478
400         6.24306         10.9482
401         6.24306         10.6562
402         6.24306         10.8539
403         6.24306         10.7623
404         6.24306         10.9138
405         6.24306         10.9311
406         6.24306         11.1331
407         6.24306         11.0817
408         6.24306         10.9933
409         6.24306         10.7195
410         6.24306         10.4653
411         6.24306          10.624
412         6.24306         10.5911
413         6.24306          10.978
414         6.24306         11.2838
415         6.24306         11.3707
416         6.24306         11.3525
417         6.24306         11.3554
418         6.24306         11.1318
419         6.24306          10.962
420         6.24306         10.9306
421         6.24306         10.9155
422         6.24306         10.7357
423         6.24306         11.0129
424         6.24306          10.709
425         6.24306         10.3527
426         6.24306         11.0034
427         6.24306         10.2577
428         6.24306         10.6632
429         6.24306         10.8138
430         6.24306         10.8166
431         6.24306         10.7157
432         6.24306         10.9902
433         6.24306         11.1213
434         6.24306         10.7055
435         6.24306         10.5544
436         6.24306         10.6196
437         6.24306         10.8786
438         6.24306         10.8968
439         6.24306         10.5218
440         6.24306          10.256
441         6.24306         10.4713
442         6.24306         10.6403
443         6.24306          10.798
444         6.24306         10.4399
445         6.24306         10.3259
446         6.24306          10.478
447         6.24306         10.5914
448         6.24306         10.7502
449         6.24306         11.0262
450         6.24306         11.6151
451         6.24306         11.2879
452         6.24306         11.5121
453         6.24306         11.4957
454         6.24306          11.012
455         6.24306         11.0852
456         6.24306          10.984
457         6.24306         10.7255
458         6.24306         10.4976
459         6.24306         10.4476
460         6.24306         10.8548
461         6.24306         10.8565
462         6.24306         11.4202
463         6.24306         11.7718
464         6.24306         11.5246
465         6.24306         11.5847
466         6.24306         11.3827
467         6.24306          10.764
468         6.24306         10.5426
469         6.24306         10.7369
470         6.24306         10.3915
471         6.24306         10.2612
472         6.24306         10.3325
473         6.24306         10.8052
474         6.24306         10.8513
475         6.24306         11.1517
476         6.24306         10.9987
477         6.24306         10.5394
478         6.24306         10.9857
479         6.24306         10.7851
480         6.24306         10.8412
481         6.24306         11.1411
482         6.24306         10.8542
483         6.24306         10.6273
484         6.24306          10.712
485         6.24306         11.2731
486         6.24306         11.2184
487         6.24306         10.7552
488         6.24306         10.6692
489         6.24306         10.9577
490         6.24306         11.1291
491         6.24306         10.7721
492         6.24306         11.0846
493         6.24306         11.4716
494         6.24306         11.4483
495         6.24306         11.3053
496         6.24306         11.3244
497         6.24306         11.4307
498         6.24306         10.9794
499         6.24306         10.9002
500         6.24306         10.9021
501         6.24306         10.7567
502         6.24306         10.8026
503         6.24306         11.0268
504         6.24306         10.3311
505         6.24306         10.6472
506         6.24306          10.792
507         6.24306         10.2948
508         6.24306         10.7273
509         6.24306         10.9931
510         6.24306         11.2028
511         6.24306         10.9585
512         6.24306         11.1393
513         6.24306         11.4257
514         6.24306         12.1643
515         6.24306         11.5569
516         6.24306         11.3008
517         6.24306         11.6416
518         6.24306          11.348
519         6.24306         11.3242
520         6.24306          11.158
521         6.24306           11.12
522         6.24306         10.6849
523         6.24306         10.4708
524         6.24306          11.106
525         6.24306         10.9938
526         6.24306         11.1967
527         6.24306         11.0735
528         6.24306         11.2247
529         6.24306         10.8868
530         6.24306          10.565
531         6.24306         10.5705
532         6.24306         10.6073
533         6.24306         10.9401
534         6.24306         11.3848
535         6.24306          11.289
536         6.24306         11.4746
537         6.24306         11.2541
538         6.24306         11.2155
539         6.24306         10.8498
540         6.24306           10.57
541         6.24306         10.6825
542         6.24306         10.6718
543         6.24306         10.9277
544         6.24306         11.0993
545         6.24306         11.0097
546         6.24306         10.9712
547         6.24306         10.8677
548         6.24306         11.0985
549         6.24306         10.6353
550         6.24306         10.2393
551         6.24306         10.3453
552         6.24306         10.6733
553         6.24306         10.2214
554         6.24306         10.2078
555         6.24306          9.9671
556         6.24306         10.2625
557         6.24306          10.419
558         6.24306         10.5639
559         6.24306         10.0632
560         6.24306         10.7698
561         6.24306          10.716
562         6.24306         10.6187
563         6.24306         10.5926
564         6.24306         10.8067
565         6.24306         10.5061
566         6.24306         10.9545
567         6.24306         11.1209
568         6.24306         11.3498
569         6.24306           11.03
570         6.24306         10.9228
571         6.24306         11.0141
572         6.24306         11.4576
573         6.24306         11.0423
574         6.24306         11.2098
575         6.24306         11.2788
576         6.24306         10.6569
577         6.24306         11.1858
578         6.24306         11.0047
579         6.24306         10.7212
580         6.24306         11.2169
581         6.24306         11.2034
582         6.24306         11.2048
583         6.24306          11.519
584         6.24306         11.9309
585         6.24306          11.672
586         6.24306          11.808
587         6.24306         11.5847
588         6.24306         11.0434
589         6.24306         10.8643
590         6.24306         11.0975
591         6.24306         11.0453
592         6.24306         10.5572
593         6.24306         10.7253
594         6.24306          10.779
595         6.24306         11.0878
596         6.24306         10.5881
597         6.24306         10.8679
598         6.24306         10.8553
599         6.24306         10.6414
600         6.24306           11.08
601         6.24306         10.9865
602         6.24306         11.2021
603         6.24306          11.041
604         6.24306         11.1935
605         6.24306         10.7032
606         6.24306         10.8564
607         6.24306         11.3263
608         6.24306         11.4508
609         6.24306         11.6069
610         6.24306         11.8064
611         6.24306         11.3441
612         6.24306         11.4541
613         6.24306         11.3949
614         6.24306         11.1855
615         6.24306         11.1301
616         6.24306         11.2628
617         6.24306          11.465
618         6.24306         11.5782
619         6.24306         11.4314
620         6.24306         11.2857
621         6.24306         10.9497
622         6.24306         11.0214
623         6.24306         11.1017
624         6.24306          11.412
625         6.24306         11.1108
626         6.24306         10.9341
627         6.24306         11.5017
628         6.24306          11.936
629         6.24306         12.0382
630         6.24306           11.91
631         6.24306         12.1436
632         6.24306         12.0191
633         6.24306         11.3124
634         6.24306         11.2632
635         6.24306         11.0637
636         6.24306         11.1904
637         6.24306         11.1521
638         6.24306         11.3894
639         6.24306         11.3329
640         6.24306         11.4958
641         6.24306         12.0154
642         6.24306         11.6857
643         6.24306         11.4023
644         6.24306         11.4557
645         6.24306         11.3766
646         6.24306         11.8241
647         6.24306         12.1947
648         6.24306         12.1319
649         6.24306         12.2359
650         6.24306         11.8581
651         6.24306         11.6431
652         6.24306         11.7122
653         6.24306         11.6392
654         6.24306         11.6912
655         6.24306         11.7034
656         6.24306         12.0243
657         6.24306         11.6795
658         6.24306         11.4232
659         6.24306         11.4344
660         6.24306         11.7571
661         6.24306         12.0665
662         6.24306         13.3933
663         6.24306         13.4585
664         6.24306         13.4094
665         6.24306         13.1353
666         6.24306           12.51
667         6.24306         11.7235
668         6.24306         11.7874
669         6.24306         11.8477
670         6.24306         11.3308
671         6.24306         11.5441
672         6.24306         11.1449
673         6.24306         11.2487
674         6.24306          11.444
675         6.24306          11.103
676         6.24306          11.221
677         6.24306         11.2154
678         6.24306         11.5859
679         6.24306         11.4076
680         6.24306         11.5524
681         6.24306         10.9188
682         6.24306         10.8549
683         6.24306         10.8028
684         6.24306         10.6703
685         6.24306         10.6413
686         6.24306         10.7393
687         6.24306         10.9754
688         6.24306         11.0622
689         6.24306         11.4071
690         6.24306         11.5106
691         6.24306         11.8727
692         6.24306         12.2682
693         6.24306         12.1954
694         6.24306         12.3997
695         6.24306         12.1813
696         6.24306         12.1944
697         6.24306         12.0518
698         6.24306         11.6946
699         6.24306         11.8069
700         6.24306         11.9763
701         6.24306         12.2685
702         6.24306         11.5434
703         6.24306         11.3609
704         6.24306         11.1649
705         6.24306         11.0085
706         6.24306         10.9558
707         6.24306         11.4275
708         6.24306          11.349
709         6.24306         10.9031
710         6.24306         11.3453
711         6.24306         11.2927
712         6.24306         11.5564
713         6.24306         11.6851
714         6.24306         11.7196
715         6.24306         11.2641
716         6.24306         11.1976
717         6.24306         11.1308
718         6.24306          10.774
719         6.24306         10.6156
720         6.24306          10.445
721         6.24306         10.9109
722         6.24306          11.024
723         6.24306         11.3103
724         6.24306         10.5618
725         6.24306         10.7118
726         6.24306         10.3957
727         6.24306         10.8616
728         6.24306         10.6339
729         6.24306         10.6833
730         6.24306         10.7501
731         6.24306         11.3787
732         6.24306         11.3899
733         6.24306         11.0956
734         6.24306          10.724
735         6.24306         10.2552
736         6.24306         10.4407
737         6.24306         10.6093
738         6.24306         10.0837
739         6.24306         10.4802
740         6.24306         10.5574
741         6.24306         11.0807
742         6.24306         11.3476
743         6.24306         11.3679
744         6.24306          10.884
745         6.24306         10.6464
746         6.24306         10.6532
747         6.24306         11.3273
748         6.24306         11.0312
749         6.24306         11.5587
750         6.24306         11.2552
751         6.24306         11.8289
752         6.24306         11.5547
753         6.24306         11.8056
754         6.24306          11.577
755         6.24306         11.6394
756         6.24306         11.5894
757         6.24306         11.5493
758         6.24306         11.6781
759         6.24306         12.1863
760         6.24306         11.9346
761         6.24306         11.7273
762         6.24306         11.7122
763         6.24306           11.51
764         6.24306         11.7385
765         6.24306         11.9592
766         6.24306          12.094
767         6.24306         12.4487
768         6.24306         12.6264
769         6.24306         12.4076
770         6.24306          12.668
771         6.24306         13.0293
772         6.24306         12.7986
773         6.24306         12.3802
774         6.24306         12.1484
775         6.24306         12.3525
776         6.24306         11.6127
777         6.24306          11.715
778         6.24306         11.7221
779         6.24306         11.5802
780         6.24306         11.2446
781         6.24306          10.927
782         6.24306         11.2015
783         6.24306         11.3163
784         6.24306         11.5134
785         6.24306         11.1428
786         6.24306         11.0882
787         6.24306         10.7604
788         6.24306         10.6951
789         6.24306         10.6875
790         6.24306         10.7072
791         6.24306         11.0528
792         6.24306         11.1489
793         6.24306         11.6516
794         6.24306         11.7278
795         6.24306         11.8202
796         6.24306         11.8885
797         6.24306         11.4759
798         6.24306         11.3409
799         6.24306         11.0139
800         6.24306         10.9601
801         6.24306         11.1288
802         6.24306         11.3831
803         6.24306          11.509
804         6.24306         11.8802
805         6.24306         11.8396
806         6.24306         11.9276
807         6.24306         11.7076
808         6.24306         11.4508
809         6.24306         11.1035
810         6.24306         11.1803
811         6.24306         11.5919
812         6.24306         11.6604
813         6.24306         11.8684
814         6.24306         12.2024
815         6.24306         12.0927
816         6.24306         11.7419
817         6.24306         11.4268
818         6.24306         11.5104
819         6.24306         11.0209
820         6.24306         10.8823
821         6.24306         11.0127
822         6.24306         11.0993
823         6.24306         11.3096
824         6.24306         10.5416
825         6.24306         10.4454
826         6.24306         10.2378
827         6.24306         10.1771
828         6.24306         10.2697
829         6.24306         11.0822
830         6.24306         11.1133
831         6.24306          11.722
832         6.24306         10.9661
833         6.24306         10.7421
834         6.24306          10.216
835         6.24306         10.2136
836         6.24306         10.3655
837         6.24306         10.4522
838         6.24306         10.5967
839         6.24306         11.2596
840         6.24306         11.1092
841         6.24306         11.3942
842         6.24306         11.2825
843         6.24306         11.3426
844         6.24306         11.2073
845         6.24306         11.1179
846         6.24306          11.914
847         6.24306         11.6085
848         6.24306         11.5366
849         6.24306          11.416
850         6.24306           11.28
851         6.24306         11.8979
852         6.24306         11.6096
853         6.24306         11.8012
854         6.24306         11.7238
855         6.24306         11.5148
856         6.24306         11.4098
857         6.24306         11.4754
858         6.24306         11.5239
859         6.24306         11.7967
860         6.24306         11.7172
861         6.24306         11.0639
862         6.24306         11.3368
863         6.24306         11.1292
864         6.24306         11.7347
865         6.24306         11.7521
866         6.24306         11.6447
867         6.24306          11.715
868         6.24306         11.8755
869         6.24306         11.2868
870         6.24306         11.9995
871         6.24306         12.0606
872         6.24306         12.2174
873         6.24306         11.8234
874         6.24306          11.789
875         6.24306         11.4057
876         6.24306         11.4756
877         6.24306         11.4336
878         6.24306          11.259
879         6.24306         11.1646
880         6.24306          11.802
881         6.24306         11.7526
882         6.24306         11.6394
883         6.24306         11.5985
884         6.24306         10.9568
885         6.24306         11.3125
886         6.24306          10.803
887         6.24306         11.1501
888         6.24306         11.6906
889         6.24306         11.6845
890         6.24306         11.9071
891         6.24306         11.4279
892         6.24306         11.5651
893         6.24306         11.9796
894         6.24306         11.7105
895         6.24306         11.9584
896         6.24306         11.7808
897         6.24306         11.7975
898         6.24306          11.614
899         6.24306         11.6338
900         6.24306         11.6213
901         6.24306         12.2318
902         6.24306         12.5504
903         6.24306         12.1856
904         6.24306          11.818
905         6.24306         11.3925
906         6.24306         11.6406
907         6.24306         12.2441
908         6.24306         12.0432
909         6.24306         12.1852
910         6.24306          11.412
911         6.24306         11.7167
912         6.24306          11.396
913         6.24306         11.1489
914         6.24306           10.96
915         6.24306         11.0022
916         6.24306         11.3951
917         6.24306         11.4407
918         6.24306         11.2551
919         6.24306         11.6659
920         6.24306         10.8481
921         6.24306         11.2181
922         6.24306         10.6494
923         6.24306         10.2314
924         6.24306         10.4584
925         6.24306         10.6595
926         6.24306         10.5348
927         6.24306         10.7376
928         6.24306         10.7471
929         6.24306         10.7607
930         6.24306         10.8299
931         6.24306          10.243
932         6.24306         10.4082
933         6.24306         10.8222
934         6.24306         10.2995
935         6.24306         10.4247
936         6.24306         10.3343
937         6.24306         10.8095
938         6.24306         11.0993
939         6.24306         11.1924
940         6.24306         10.9142
941         6.24306         11.4966
942         6.24306          11.207
943         6.24306         11.6684
944         6.24306         11.2195
945         6.24306         10.8341
946         6.24306         11.3226
947         6.24306         11.5145
948         6.24306         11.5393
949         6.24306         11.3636
950         6.24306         11.3007
951         6.24306         10.3199
952         6.24306          10.264
953         6.24306         10.8237
954         6.24306         11.0178
955         6.24306         11.0942
956         6.24306         11.5351
957         6.24306         11.3107
958         6.24306         11.5567
959         6.24306         11.8898
960         6.24306         12.1072
961         6.24306         11.9994
962         6.24306         12.0436
963         6.24306         12.1826
964         6.24306         12.2335
965         6.24306         12.0288
966         6.24306          12.126
967         6.24306         12.8866
968         6.24306         12.4984
969         6.24306         12.4236
970         6.24306         11.5409
971         6.24306         11.1537
972         6.24306           11.45
973         6.24306         11.0453
974         6.24306         11.5969
975         6.24306         11.4611
976         6.24306         11.3248
977         6.24306         10.9793
978         6.24306          11.685
979         6.24306         11.8224
980         6.24306         11.6784
981         6.24306         11.9934
982         6.24306         11.7792
983         6.24306         11.3455
984         6.24306         11.6376
985         6.24306         11.3556
986         6.24306         11.2093
987         6.24306         11.0648
988         6.24306         10.9303
989         6.24306         10.8884
990         6.24306         10.8323
991         6.24306         10.5653
992         6.24306         11.1877
993         6.24306         10.9037
994         6.24306         11.0626
995         6.24306         10.6105
996         6.24306          10.437
997         6.24306         10.4157
998         6.24306         10.4881
999         6.24306         10.7705
1000         6.24306         10.8445
