1         14.6418         17.0958
2         13.9871         16.7218
3         13.4624         16.2413
4         12.7804         15.8963
5         12.2635         15.5968
6         12.2635         15.3564
7         11.8437           14.83
8         11.6562         14.4924
9         11.1035         14.1512
10         11.0506         13.7988
11         10.8963         13.8143
12         10.5141         13.5133
13         10.0949         13.2543
14         10.0949         13.0539
15         10.0949         12.7915
16         10.0949         12.6364
17         10.0949         12.6423
18         9.54439         12.4916
19         9.49897         12.3333
20         9.49897         12.1678
21         9.38813         12.0302
22         9.38813         11.9333
23         9.38813         11.5932
24         9.24281         11.3519
25         9.02834          11.269
26         9.02834         11.0443
27         8.56685         10.9807
28         8.56685         10.8159
29         8.52197         10.7329
30         8.50908         10.6233
31          8.3999         10.7326
32         8.31021         10.5271
33         8.07264         10.2089
34         8.07264         10.0838
35         7.93458         9.93286
36         7.93458         10.0194
37         7.49092         9.90113
38         7.49092         9.81527
39         7.49092         9.65614
40         7.49092         9.66269
41         7.49092         9.47545
42         7.45946         9.29583
43         7.45946         9.13156
44         7.45946         9.10393
45         6.87458         9.00308
46         6.87233         9.00139
47          6.7245         8.90342
48         6.69304         8.82378
49         6.69304         8.71521
50         6.69304         8.62572
51         6.69304         8.76021
52         6.69304         8.69514
53         6.69304         8.75488
54         6.69304         8.75126
55         6.69304         8.57761
56         6.59002         8.49046
57         6.59002         8.51662
58         6.59002         8.55568
59         6.59002         8.64133
60         6.59002         8.56967
61         6.59002         8.42734
62         6.59002         8.43885
63         6.59002         8.35614
64         6.59002         8.45591
65         6.59002         8.33542
66          6.5796          8.3374
67          6.5662          8.2791
68          6.5662         8.38591
69          6.5662         8.08612
70          6.5662         8.10808
71          6.5662         7.97757
72          6.5662         7.97725
73         6.53512         8.02129
74         6.53512         8.02976
75         6.28258         7.99112
76         6.28258         7.93939
77         6.28258         7.95943
78         6.28258         7.87212
79         6.28258         7.93692
80         6.28258         7.96971
81          6.1755         7.99051
82          6.1755         7.95793
83          6.1755         7.85414
84          6.1755         7.90339
85          6.1755          7.9819
86          6.1755         8.07718
87          6.1755         7.92176
88          6.1755         7.87712
89          6.1755         7.86565
90          6.1755         7.77444
91          6.1755         7.80985
92         5.95149         7.83308
93         5.95149         7.98532
94         5.95149         7.88769
95         5.95149          7.8771
96         5.91829          7.8014
97         5.91829         7.91414
98         5.91829         8.07984
99         5.91829         7.92369
100         5.91829         7.78544
101         5.91829         7.82625
102         5.91829          7.6324
103         5.91829         7.59593
104         5.91829         7.63411
105         5.91829         7.40624
106         5.91829          7.6202
107         5.91829         7.49816
108         5.91829         7.41062
109         5.75604          7.3652
110         5.75604         7.32228
111         5.75604         7.28427
112         5.75604         7.38228
113         5.75604         7.58482
114         5.75604         7.58532
115         5.75604         7.62334
116         5.75604         7.65577
117         5.75604         7.66174
118         5.75604         7.71183
119         5.75604         7.70528
120         5.75604         7.75675
121         5.75604         7.67607
122         5.75604         7.86221
123         5.75604          7.9861
124         5.75604         7.92725
125         5.75604         7.90325
126         5.75604         7.89279
127         5.75604         8.00952
128         5.75604         7.80769
129         5.75604         7.76121
130         5.75604         7.67758
131         5.75604          7.6669
132         5.75604         7.52792
133         5.75604         7.55595
134         5.75604          7.5761
135         5.75604         7.66226
136         5.75604         7.50631
137         5.75032         7.56423
138         5.75032         7.35924
139         5.75032         7.46149
140         5.75032         7.55041
141         5.75032         7.64185
142         5.75032         7.70462
143         5.75032         7.56926
144         5.75032         7.63801
145         5.75032         7.78111
146         5.75032         7.63515
147         5.75032         7.58218
148         5.75032         7.69803
149         5.75032         7.45496
150         5.75032         7.42763
151         5.75032         7.43439
152         5.70312         7.42627
153         5.70312         7.42712
154         5.70312           7.498
155         5.70312         7.67287
156         5.70312         7.90692
157         5.70312          8.0925
158         5.70312         8.19148
159         5.70312         8.12913
160         5.70312         8.20011
161         5.70312         8.11232
162         5.70312         8.07811
163         5.70312         7.91722
164         5.70312         8.01555
165         5.70312          8.0578
166         5.70312         7.87988
167         5.70312         7.86985
168         5.70312         7.75546
169         5.70312         7.78401
170         5.70312         7.77907
171         5.70312         7.49821
172         5.70312         7.40305
173         5.70312         7.40759
174         5.70312         7.28139
175         5.70312         7.41005
176         5.70312         7.42281
177         5.70312         7.29141
178         5.70312         7.30511
179         5.70312         7.27622
180         5.70312         7.26225
181         5.62282         7.38414
182         5.62282         7.50848
183         5.62282          7.5968
184         5.62282         7.72389
185          5.6171         7.57691
186          5.6171          7.5501
187         5.43394         7.66568
188         5.43394         7.54609
189         5.43394         7.32548
190         5.43394         7.18496
191         5.43394         7.18984
192         5.43394         7.08965
193         5.43394         7.24471
194         5.43394         7.10647
195         5.43394         7.00359
196         5.43394         6.92359
197         5.43394         6.94433
198         5.43394         6.90594
199         5.43394         6.99982
200         5.43394         6.76295
201         5.43394         6.68554
202         5.43394         6.63767
203         5.43394         6.73389
204         5.43394         6.79186
205         5.43394         6.80703
206         5.43394          6.8782
207         5.43394          6.8077
208         5.43394         6.71925
209         5.43394         6.80333
210         5.43394         6.98638
211         5.43394         7.20247
212         5.43394         7.13104
213         5.43394         7.20099
214         5.43394         7.23444
215         5.43394         7.08039
216         5.43394         7.01084
217         5.43394         6.97479
218         5.43394         7.03777
219         5.43394         7.08257
220         5.43394         7.12525
221         5.43394         7.13937
222         5.43394         7.14538
223         5.43394         7.11298
224         5.43394         7.11321
225         5.43394          7.0887
226         5.43394         7.08923
227         5.43394         7.16691
228         5.43394         7.23946
229         5.43394         7.16027
230         5.43394         7.20258
231         5.43394         7.09276
232         5.43394         7.11055
233         5.43394         7.45236
234         5.43394         7.77586
235         5.43394         7.57073
236         5.43394         7.55422
237         5.43394          7.3302
238         5.43394         7.38064
239         5.43394         7.44304
240         5.43394         7.47081
241         5.43394         7.46922
242         5.43394          7.4466
243         5.43394         7.30097
244         5.43394         7.30433
245         5.43394         7.32974
246         5.43394         7.57812
247         5.43394         7.43853
248         5.43394         7.19309
249         5.43394         7.07067
250         5.43394         7.03225
251         5.43394         6.98151
252         5.43394         6.89121
253         5.43394         6.98843
254         5.43394         6.92612
255         5.43394         6.82789
256         5.43394         6.88301
257         5.43394         7.08613
258         5.43394         7.23018
259         5.43394          7.2905
260         5.43394         7.35417
261         5.43394         7.34483
262         5.43394         7.33844
263         5.43394         7.39528
264         5.43394         7.18241
265         5.43394         7.07798
266         5.43394         7.13546
267         5.43394         7.19289
268         5.43394         6.92902
269         5.43394         6.88613
270         5.43394         6.95846
271         5.43394          7.1295
272         5.43394         7.20686
273         5.43394         7.25468
274         5.43394         7.29371
275         5.43394         7.27687
276         5.43394         7.06031
277         5.43394         7.07057
278         5.43394         7.09587
279         5.43394         7.26019
280         5.43394          7.1833
281         5.43394         7.06698
282         5.43394         6.98495
283         5.43394          7.0379
284         5.43394          7.2953
285         5.43394         7.19723
286         5.43394         7.06947
287         5.43394         7.07142
288         5.43394         7.21269
289         5.43394         7.17159
290         5.43394          7.1869
291         5.43394         7.36246
292         5.43394         7.24896
293         5.43394         7.07073
294         5.43394         7.05588
295         5.43394         6.83638
296         5.43394         6.87637
297         5.43394          6.9511
298         5.43394         7.02204
299         5.43394         6.99309
300         5.43394         7.00324
301         5.43394         6.84157
302         5.43394         6.60509
303         5.43394         6.61038
304         5.43394         6.70495
305         5.43394         6.76892
306         5.43394         6.84986
307         5.43394          6.8928
308         5.43394         7.02608
309         5.43394         7.17576
310         5.43394         7.12475
311         5.43394         7.00944
312         5.43394         6.99853
313         5.43394         6.96936
314         5.43394         7.06146
315         5.43394          7.1774
316         5.43394         7.14817
317         5.43394         7.03549
318         5.43394         7.00897
319         5.43394         6.86351
320         5.43394         6.85488
321         5.43394         7.12137
322         5.43394         7.05443
323         5.43394         7.21222
324         5.43394         7.04602
325         5.43394         7.02774
326         5.43394         7.06065
327         5.43394         7.16999
328         5.43394         7.18302
329         5.43394         7.06758
330         5.43394         7.05206
331         5.43394         7.04906
332         5.43394         6.88051
333         5.43394         6.83871
334         5.43394         6.82846
335         5.43394         6.86603
336         5.43394         6.81918
337         5.43394         6.73178
338         5.43394         6.79428
339         5.43394         6.64839
340         5.43394         6.74886
341         5.43394         6.87787
342         5.43394         7.01432
343         5.43394         7.22427
344         5.43394         7.12305
345         5.43394         7.07036
346         5.43394         7.12458
347         5.43394         7.17203
348         5.43394         7.22042
349         5.43394         7.15117
350         5.43394         7.15818
351         5.43394         7.05157
352         5.43394         6.97513
353         5.43394         6.97273
354         5.43394         6.94536
355         5.43394           7.127
356         5.43394         7.27871
357         5.43394         7.40439
358         5.43394         7.54956
359         5.43394         7.44878
360         5.43394         7.33556
361         5.43394         7.25444
362         5.43394          7.3394
363         5.43394         7.51601
364         5.43394          7.4703
365         5.43394         7.10258
366         5.43394         7.09831
367         5.43394         7.13214
368         5.43394         7.16081
369         5.43394         7.07995
370         5.43394         7.02893
371         5.43394         7.06851
372         5.43394         7.08107
373         5.43394         7.20112
374         5.43394         7.21866
375         5.43394         6.96549
376         5.39931         6.98605
377         5.39931         6.83264
378         5.39931         6.90695
379         5.39931         7.17261
380         5.39931         7.24305
381         5.39931         7.39692
382         5.39931         7.49546
383         5.39931         7.52421
384         5.39931         7.50593
385         5.39931         7.47553
386         5.39931         7.54714
387         5.39931         7.60401
388         5.39931         7.87119
389         5.39931         7.84912
390         5.39931         7.96723
391         5.39931         7.73192
392         5.39931         7.82704
393         5.39931         7.79706
394         5.39931          7.6747
395         5.39931         7.45746
396         5.39931         7.35227
397         5.39931         7.55226
398         5.39931         7.46286
399         5.39931         7.53322
400         5.33513         7.47142
401         5.33513         7.43164
402         5.33513         7.47098
403         5.33513         7.39951
404         5.33513         7.38845
405         5.33513          7.3911
406         5.33513         7.23142
407         5.33513         7.20552
408         5.33513         7.17456
409         5.33513         7.09287
410         5.33513         7.20463
411         5.33513         7.32508
412         5.33513          7.1968
413         5.33513         7.23752
414         5.33513         7.26166
415         5.33513         7.38855
416         5.33513         7.41841
417         5.33513         7.38872
418         5.33513         7.25419
419         5.33513         7.28424
420         5.33513         7.30992
421         5.33513         7.27821
422         5.33513         7.21331
423         5.33513         7.35325
424         5.33513         7.22648
425         5.33513         7.05727
426         5.33513         7.30286
427         5.33513         7.06095
428         5.33513         7.17256
429         5.33513         7.29539
430         5.33513         7.41711
431         5.33513         7.33686
432         5.33513         7.32332
433         5.33513         7.24001
434         5.33513         7.12327
435         5.33513         7.10146
436         5.33513         7.10412
437         5.33513         7.23819
438         5.33513         7.28794
439         5.33513         7.18338
440         5.33513         7.14341
441         5.33513         7.27314
442         5.33513         7.44432
443         5.33513         7.39868
444         5.33513         7.41139
445         5.33513         7.29973
446         5.33513          7.3222
447         5.33513         7.33088
448         5.33513         7.37371
449         5.33513         7.51161
450         5.33513         7.66081
451         5.33513         7.47874
452         5.33513         7.49435
453         5.33513         7.53998
454         5.33513         7.48296
455         5.33513         7.57413
456         5.33513         7.48729
457         5.33513         7.35864
458         5.33513         7.36727
459         5.33513         7.32675
460         5.33513         7.50406
461         5.33513         7.48798
462         5.33513         7.64119
463         5.33513         7.66854
464         5.33513         7.55088
465         5.33513         7.58448
466         5.33513         7.52133
467         5.33513         7.32049
468         5.33513         7.24538
469         5.33513           7.117
470         5.33513         6.97243
471         5.33513         6.93911
472         5.32775         6.95582
473         5.32775         7.19095
474         5.32775         7.27955
475         5.32775         7.41914
476         5.32775         7.24757
477         5.32775         7.02276
478         5.32775         7.29792
479         5.32775         7.21498
480         5.32775         7.24801
481         5.32775         7.35591
482         5.32775         7.30614
483         5.32775         7.31147
484         5.32775         7.20535
485         5.32775         7.42933
486         5.32775         7.39517
487         5.32775         7.26026
488         5.32775         7.20737
489         5.32775         7.37244
490         5.32775         7.55641
491         5.32775           7.442
492         5.32775         7.46122
493         5.32775         7.53141
494         5.32775          7.6264
495         5.32775         7.60854
496         5.32775          7.5291
497         5.32775         7.46336
498         5.32775         7.27588
499         5.32775         7.21765
500         5.32775         7.09019
501         5.32775         7.08348
502         5.32775         6.99747
503         5.32775         7.07551
504         5.32775         6.88653
505         5.32775         7.07143
506         5.32775         7.18769
507         5.32775         7.05991
508         5.32775         7.14862
509         5.32775         7.35434
510         5.32775         7.49948
511         5.32775          7.2934
512         5.32775         7.51753
513         5.32775         7.48604
514         5.32775         7.82486
515         5.32775         7.52467
516         5.32775         7.40075
517         5.32775         7.57546
518         5.32775         7.51339
519         5.32775         7.51523
520         5.32775         7.43962
521         5.32775          7.4797
522         5.32775         7.18623
523         5.32775         7.16915
524         5.32775         7.47247
525         5.32775         7.49053
526         5.32775         7.46397
527         5.32775         7.27161
528         5.32775         7.30124
529         5.32775         7.15919
530         5.32775         7.03955
531         5.32775          7.0141
532         5.32775         6.91669
533         5.32775         7.11002
534         5.32775         7.32441
535         5.32775         7.35653
536         5.32775         7.55489
537         5.32775          7.3717
538         5.32775         7.41658
539         5.32775         7.32942
540         5.32775          7.2579
541         5.32775         7.38655
542         5.32775         7.39679
543         5.32775         7.33305
544         5.32775         7.33864
545         5.32775         7.26358
546         5.32775           7.263
547         5.32775         7.17723
548         5.32775          7.2452
549         5.32775         7.17811
550         5.32775         7.05027
551         5.32775         7.01948
552         5.32775         7.14735
553         5.32775         7.00865
554         5.32775         7.06347
555         5.32775         6.95179
556         5.32775         7.13811
557         5.32775         7.16385
558         5.32775         7.34214
559         5.32775         7.32299
560         5.32775         7.49358
561         5.32775         7.45851
562         5.32775         7.22166
563         5.32775         7.17976
564         5.32775         7.15284
565         5.32775         7.07286
566         5.32775         7.29735
567         5.32775         7.36268
568         5.32775         7.41257
569         5.32775         7.19652
570         5.32775         7.19809
571         5.32775         7.27261
572         5.32775         7.33609
573         5.32775         7.14679
574         5.32775         7.19235
575         5.32775         7.17023
576         5.32775         7.06284
577         5.32775         7.26977
578         5.32775         7.25066
579         5.32775         7.12831
580         5.32775         7.29161
581         5.32775         7.32181
582         5.32775         7.29812
583         5.32775         7.51027
584         5.32775         7.73859
585         5.32775         7.81844
586         5.32775         7.83646
587         5.32775         7.70237
588         5.32775         7.48156
589         5.32775         7.39409
590         5.32775         7.40755
591         5.32775         7.28391
592         5.32775         7.05989
593         5.32775          7.1112
594         5.32775          7.1667
595         5.32775           7.363
596         5.32775         7.26054
597         5.32775         7.26744
598         5.32775         7.24534
599         5.32775         7.11076
600         5.32775         7.22374
601         5.32775         7.21559
602         5.32775         7.36317
603         5.32775         7.32271
604         5.32775          7.3753
605         5.32775         7.17143
606         5.32775         7.38673
607         5.32775         7.54249
608         5.32775         7.62246
609         5.32775          7.6179
610         5.32775         7.68579
611         5.32775         7.55158
612         5.32775         7.63288
613         5.32775          7.5479
614         5.32775         7.46371
615         5.32775         7.42993
616         5.32775         7.47185
617         5.32775            7.61
618         5.32775         7.61622
619         5.32775         7.64018
620         5.32775         7.42509
621         5.32775          7.2455
622         5.32775         7.32046
623         5.32775         7.33621
624         5.32775         7.42155
625         5.32775         7.15044
626         5.32775          7.0718
627         5.32775         7.11031
628         5.32775         7.21215
629         5.32775         7.22367
630         5.32775         7.08999
631         5.32775         7.14937
632         5.32775         7.12298
633         5.32775          6.9296
634         5.32775         7.01128
635         5.32775         6.99218
636         5.32775         7.02865
637         5.32775         6.95517
638         5.32775         7.05101
639         5.29776         7.01426
640         5.29776         7.05267
641         5.29776         7.27897
642         5.29776         7.23404
643         5.29776         7.15192
644         5.29776         7.16171
645         5.29776         7.27916
646         5.29776         7.42761
647         5.29776         7.51765
648         5.29776          7.4712
649         5.15554         7.46007
650         5.15554         7.34329
651         5.09719         7.23987
652         5.09719          7.3329
653         5.09719         7.17403
654         5.09719          7.1961
655         5.09719         7.13184
656         5.09719         7.17785
657         5.09719         7.08149
658         5.09719         7.05819
659         5.09719         7.17636
660         5.09719         7.13772
661         5.09719         7.31635
662         5.09719         7.67643
663         5.09719         7.79473
664         5.09719         7.81242
665         5.09719         7.55128
666         5.09719          7.3376
667         5.09719         7.13012
668         5.09719         7.03453
669         5.09719         7.19521
670         5.09719         6.94351
671         5.09719          7.0488
672         5.09719         6.95602
673         5.09719         6.95047
674         5.09719         7.03046
675         5.09719         6.94062
676         5.09719         6.94864
677         5.09719         6.86662
678         5.09719         7.00469
679         5.09719         6.98465
680         5.09719         7.05345
681         5.09719         6.89363
682         5.09719         6.81452
683         5.09719         6.82863
684         5.09719         6.81768
685         5.09719         6.71996
686         5.09719         6.76071
687         5.09719         6.75822
688         5.09719         6.84051
689         5.09719         6.79957
690         5.09719         6.83066
691         5.09719         6.92207
692         5.09719         6.97923
693         5.09719         6.89491
694         5.09719         7.07815
695         5.09719         6.96959
696         5.09719         7.01424
697         5.09719          6.9487
698         5.09719         6.79711
699         5.09719          6.8996
700         5.09719         6.99283
701         5.09719         7.03016
702         5.09719         6.84713
703         5.09719         6.93025
704         5.09719         6.93846
705         5.09719         6.94402
706         5.09719         6.80202
707         5.09719         6.96071
708         5.09719          6.8972
709         5.09719         6.72061
710         5.09719         7.00227
711         5.09719         6.98801
712         5.09719         7.07103
713         5.09719         7.10693
714         5.09719         7.20132
715         5.09719         7.03734
716         5.09719         7.04125
717         5.09719         7.06705
718         5.09719         6.97003
719         5.09719         6.96005
720         5.09719         6.95082
721         5.09719         7.12205
722         5.09719         7.27045
723         5.09719          7.3867
724         5.09719         7.14132
725         5.09719         7.05289
726         5.09719         6.94512
727         5.09719         6.97969
728         5.09719         6.81925
729         5.09719         6.86565
730         5.09719         6.90847
731         5.09719         7.06069
732         5.09719         7.01034
733         5.09719         6.94662
734         5.09719         6.73991
735         5.09719         6.54759
736         5.09719         6.52774
737         5.09719         6.59096
738         5.09719         6.50517
739         5.09719         6.56808
740         5.09719         6.56296
741         5.09719         6.70809
742         5.09719         6.84307
743         5.09719         6.83822
744         5.09719         6.71572
745         5.09719         6.58866
746         5.09719         6.63751
747         5.09719         6.79743
748         5.09719         6.75313
749         5.09719         6.98349
750         5.09719         6.81539
751         5.09719         6.89127
752         5.09719          6.8613
753         5.09719         6.98557
754         5.09719         6.86339
755         5.09719         6.95363
756         5.09719         7.00473
757         5.09719         7.00569
758         5.09719         7.03697
759         5.09719         7.15985
760         5.09719         7.16518
761         5.09719          7.0641
762         5.09719         7.10851
763         5.09719         7.06574
764         5.09719         7.06588
765         5.09719         7.07422
766         5.09719         7.14312
767         5.09719         7.32854
768         5.09719         7.40125
769         5.09719         7.40994
770         5.09719         7.52856
771         5.09719         7.64328
772         5.09719         7.53057
773         5.09719         7.47356
774         5.09719         7.42831
775         5.09719         7.44911
776         5.09719         7.16994
777         5.09719         7.24749
778         5.09719         7.18909
779         5.09719         7.04332
780         5.09719         6.91031
781         5.09719          6.8383
782         5.09719         6.88129
783         5.09719          6.9948
784         5.09719         7.01439
785         5.09719         6.87672
786         5.09719         6.83325
787         5.09719         6.78016
788         5.09719         6.75801
789         5.09719         6.77271
790         5.09719         6.75485
791         5.09719         6.79867
792         5.09719          6.7648
793         5.09719         6.88182
794         5.09719         6.99441
795         5.09719         6.98242
796         5.09719         6.97596
797         5.09719         6.81542
798         5.09719          6.7932
799         5.09719         6.69016
800         5.09719         6.70255
801         5.09719          6.7551
802         5.09719         6.90326
803         5.09719          6.8183
804         5.09719         6.93618
805         5.09719         6.93122
806         5.09719          6.9234
807         5.09719         6.87274
808         5.09719         6.76981
809         5.09719         6.64135
810         5.09719         6.67157
811         5.09719         6.78754
812         5.09719         6.83062
813         5.09719         6.90184
814         5.09719         6.95548
815         5.09719         6.94604
816         5.09719         6.75959
817         5.09719         6.75177
818         5.09719         6.74482
819         5.09719         6.64987
820         5.09719         6.61608
821         5.09719         6.65386
822         5.09719          6.6005
823         5.09719         6.75389
824         5.09719         6.57442
825         5.09719         6.58245
826         5.09719         6.50276
827         5.09719         6.46635
828         5.09719         6.55487
829         5.09719         6.84048
830         5.09719         6.86137
831         5.09719         7.09169
832         5.09719         6.79459
833         5.09719         6.68823
834         5.09719         6.49721
835         5.09719         6.45132
836         5.09719         6.42714
837         5.09719          6.4593
838         5.09719         6.53707
839         5.09719         6.73727
840         5.09719         6.73459
841         5.09719         6.80643
842         5.09719         6.77939
843         5.09719         6.87531
844         5.09719         6.91638
845         5.09719         6.90166
846         5.09719         7.06878
847         5.09719         7.05273
848         5.09719         6.98746
849         5.09719         7.04109
850         5.09719         7.05561
851         5.09719         7.18818
852         5.09719         7.13441
853         5.09719         7.19713
854         5.09719         7.22501
855         5.09719         7.14297
856         5.09719         7.08696
857         5.09719         7.16549
858         5.09719         7.10745
859         5.09719         7.20723
860         5.09719         7.13322
861         5.09719         6.87782
862         5.09719         6.99128
863         5.09719         6.89352
864         5.09719          7.1164
865         5.09719          7.0758
866         5.09719         6.96852
867         5.09719         6.94009
868         5.09719         6.98219
869         5.09719         6.68702
870         5.09719         6.92267
871         5.09719         6.98671
872         5.09719         6.99937
873         5.09719         6.94572
874         5.09719         6.96249
875         5.09719         6.87905
876         5.09719         6.82477
877         5.09719          6.7943
878         5.09719         6.69193
879         5.09719         6.69496
880         5.09719         6.86989
881         5.09719         6.99999
882         5.09719         6.90579
883         5.09719         6.92822
884         5.09719         6.71741
885         5.09719         6.82332
886         5.09719          6.7197
887         5.09719         6.75509
888         5.09719         6.93703
889         5.09719          6.9491
890         5.09719         6.98058
891         5.09719          6.8553
892         5.09719         6.93596
893         5.09719         7.09282
894         5.09719         6.95681
895         5.09719         7.03152
896         5.09719         6.90964
897         5.09719         6.95726
898         5.09719          6.9072
899         5.09719         6.98919
900         5.09719         7.03776
901         5.09719         7.24449
902         5.09719          7.2919
903         5.09719         7.12642
904         5.09719         6.99865
905         5.09719          6.8269
906         5.09719         6.91694
907         5.09719         7.07535
908         5.09719         7.01242
909         5.09719         6.93374
910         5.09719         6.76286
911         5.09719         6.84335
912         5.09719         6.77099
913         5.09719         6.76121
914         5.09719         6.66164
915         5.09719         6.70778
916         5.09719         6.82928
917         5.09719         6.82676
918         5.09719         6.77626
919         5.09719         7.00608
920         5.09719         6.78706
921         5.09719         6.85824
922         5.09719         6.69956
923         5.09719         6.62855
924         5.09719         6.68596
925         5.09719         6.69924
926         5.09719         6.60739
927         5.09719         6.75512
928         5.09719          6.8566
929         5.09719         6.86747
930         5.09719         6.83779
931         5.09719         6.60732
932         5.09719         6.56363
933         5.09719         6.67206
934         5.09719         6.49482
935         5.09719         6.57699
936         5.09719         6.53785
937         5.09719         6.72242
938         5.09719         6.79214
939         5.09719         6.84874
940         5.09719         6.78886
941         5.09719         6.96667
942         5.09719         6.88816
943         5.09719         7.07864
944         5.09719         7.05403
945         5.09719         6.82253
946         5.09719         6.86452
947         5.09719         6.92114
948         5.09719         6.83937
949         5.09719         6.80856
950         5.09719         6.73637
951         5.09719         6.32018
952         5.09719         6.34525
953         5.09719          6.4848
954         5.09719         6.47258
955         5.09719         6.48356
956         5.09719         6.63851
957         5.09719         6.61123
958         5.09719         6.68788
959         5.09719         6.82503
960         5.09719         6.94948
961         5.09719         6.86012
962         5.09719         6.78534
963         5.09719         6.89046
964         5.09719         6.92628
965         5.09719         6.82982
966         5.09719         6.84405
967         5.09719         6.99871
968         5.09719         6.90782
969         5.09719         6.88339
970         5.09719         6.64993
971         5.09719         6.52204
972         5.09719         6.75346
973         5.09719         6.55589
974         5.09719         6.74864
975         5.09719         6.69528
976         5.09719         6.62277
977         5.09719         6.54041
978         5.09719         6.68938
979         5.09719         6.74956
980         5.09719         6.68757
981         5.09719         6.81717
982         5.09719         6.74136
983         5.09719         6.71691
984         5.09719         6.83413
985         5.09719         6.76231
986         5.09719          6.7722
987         5.09719         6.70764
988         5.09719         6.70744
989         5.09719         6.65727
990         5.09719         6.55953
991         5.09719         6.42714
992         5.09719         6.63798
993         5.09719         6.60761
994         5.09719         6.73859
995         5.09719         6.56667
996         5.09719         6.48604
997         5.09719          6.4635
998         5.09719         6.54247
999         5.09719         6.61613
1000         5.09719         6.66113
