3	0.746973	1.14442	0.469838
3	0.303397	1.14149	-0.123279
3	0.512553	1.19712	0.17779
3	0.132799	0.702412	0.0416981
3	0.00727816	1.07108	-0.229786
3	0.496418	1.22202	0.200152
3	0.0465879	0.869584	-0.191912
3	-0.0361167	0.836035	-0.156904
3	0.0273324	0.59874	0.334632
3	0.124847	1.0867	-0.225868
3	0.12226	0.706732	0.0379121
3	0.453495	0.509428	0.00361445
3	0.573278	0.378216	0.318048
3	0.841634	0.655491	-0.427093
3	0.830839	0.570169	-0.426203
0.6	0.301683	1.07745	-0.182967
0.6	0.512505	0.927379	-0.260554
0.6	0.557045	1.01087	-0.171418
0.6	0.0616489	0.775084	-0.0647179
0.6	0.132078	1.14432	-0.145798
0.6	0.21316	1.05125	-0.245772
0.6	0.214566	0.779906	-0.114854
0.6	0.087954	0.784557	-0.0891982
0.6	0.154431	0.828742	-0.163939
0.6	-0.338164	0.721935	-0.118301
0.6	-0.727034	0.882235	-0.212938
0.6	-0.431127	0.55671	-0.0152165
0.6	-0.079285	0.303123	2.4041
0.333333	0.0728707	0.903811	-0.215944
0.333333	0.400827	0.852867	-0.250798
0.333333	0.0895537	0.809581	-0.119094
0.333333	-0.279937	0.965044	-0.251617
0.333333	0.135169	1.02083	-0.23961
0.333333	0.498859	0.837272	-0.278662
0.333333	0.40222	0.689031	-0.131779
0.333333	0.741717	0.783315	-0.332313
0.333333	0.304196	1.07242	-0.212826
0.333333	0.621054	0.474265	-0.200615
0.333333	0.388868	0.608254	-0.0151122
0.230769	0.532201	0.384088	0.266404
0.230769	0.890286	0.813511	-0.170207
0.230769	0.889742	0.615674	-0.406591
0.176471	0.794615	0.605246	-0.440098
0.176471	0.920745	0.764237	-0.20302
0.176471	0.65604	0.674009	-0.374079
0.142857	0.647368	0.642916	-0.37522
0.142857	0.608561	0.681129	-0.339517
0.142857	1.01993	0.659439	-0.193606
0.142857	0.903391	0.800018	-0.167721
0.142857	0.42454	0.633564	-0.0923682
0.142857	0.47879	1.00971	-0.208261
0.12	0.556829	0.957207	-0.214891
0.12	0.463353	0.68321	-0.199229
0.12	0.769454	0.634692	-0.439635
0.12	0.351281	0.598906	0.0590066
0.12	0.642011	0.837075	-0.30506
0.12	0.409166	0.827619	-0.240375
0.12	0.744794	0.755738	-0.352409
0.12	0.862439	0.683294	-0.395314
0.103448	0.586355	0.688404	-0.318184
0.103448	0.896568	0.680533	-0.371799
0.103448	0.6252	0.620804	-0.340754
0.103448	0.659117	0.74873	-0.355228
0.103448	0.546696	0.923649	-0.245168
0.0909091	0.318296	0.805931	-0.195454
0.0909091	0.431545	1.09388	-0.110323
0.0909091	0.566377	0.732224	-0.303306
0.0909091	0.665722	0.708702	-0.365723
0.0909091	0.606217	0.698311	-0.334725
0.0909091	0.864794	0.56412	-0.403615
0.0810811	0.709197	0.768253	-0.346592
0.0810811	0.676145	0.557224	-0.371616
0.0810811	0.674367	0.666149	-0.384754
0.0731707	0.532085	0.747092	-0.272734
0.0731707	0.783358	0.530993	-0.375829
0.0731707	0.672882	0.540973	-0.34668
0.0731707	0.923389	0.653612	-0.364505
0.0666667	0.756021	0.629404	-0.43414
0.0666667	0.653934	0.78907	-0.332315
0.0666667	0.663347	0.754815	-0.35399
0.0666667	0.555221	0.879777	-0.263659
0.0666667	0.504911	0.768587	-0.272389
0.0612245	0.362509	0.986846	-0.242814
0.0612245	0.117376	0.891334	-0.211687
0.0612245	0.299896	1.03577	-0.22733
0.0612245	0.322598	0.916022	-0.247339
0.0612245	0.415017	0.854794	-0.254023
0.0612245	0.251961	0.986872	-0.237532
0.0612245	0.144326	0.769014	-0.0693696
0.0612245	0.267079	0.767336	-0.114259
0.0612245	0.518319	0.822832	-0.281369
0.0566038	0.749588	0.64982	-0.431528
0.0566038	0.692317	0.675791	-0.395465
0.0526316	0.905842	0.627675	-0.395289
0.0526316	0.930311	0.559427	-0.342501
0.0526316	0.817011	0.660643	-0.423115
0.0526316	0.75595	0.850686	-0.233333
0.0526316	0.649709	0.859796	-0.270134
0.0526316	0.74825	0.731554	-0.375914
0.0526316	0.771106	0.663859	-0.419371
0.0526316	0.737496	0.675998	-0.408436
0.0491803	0.794804	0.632915	-0.443277
0.0491803	0.815701	0.605119	-0.441821
0.0491803	0.89199	0.577728	-0.39657
0.0491803	0.867678	0.520796	-0.323055
0.0461538	0.940956	0.588667	-0.364242
0.0461538	0.889308	0.59146	-0.406565
0.0461538	0.866964	0.720025	-0.359701
0.0461538	0.811248	0.65536	-0.428755
0.0461538	0.733922	0.653855	-0.42165
0.0434783	0.729607	0.612564	-0.4261
0.0434783	0.761684	0.606779	-0.439156
0.0434783	0.706526	0.521977	-0.34847
0.0410959	0.676154	0.691172	-0.380765
0.0410959	0.777983	0.670116	-0.429574
0.0410959	0.945	0.6447	-0.350928
0.0410959	0.782807	0.571762	-0.427191
0.0410959	0.811161	0.732206	-0.373182
0.0410959	0.677021	0.659672	-0.393184
0.0410959	0.734675	0.597147	-0.428332
0.0410959	0.614222	0.606266	-0.329273
0.038961	0.752984	0.701141	-0.401267
0.038961	0.598334	0.65383	-0.320578
0.038961	0.635232	0.798357	-0.319108
0.038961	0.522453	0.665484	-0.237727
0.038961	0.508867	0.771151	-0.278812
0.038961	0.591401	0.698161	-0.324724
0.038961	0.727559	0.772019	-0.347408
0.038961	0.775477	0.759096	-0.348407
0.038961	0.794321	0.764527	-0.343137
0.038961	0.77072	0.748051	-0.369444
0.037037	0.90988	0.63188	-0.403174
0.037037	0.780544	0.657319	-0.429356
0.037037	0.846501	0.562655	-0.416308
0.037037	0.744484	0.622544	-0.435279
0.0352941	0.747951	0.597711	-0.42924
0.0352941	0.758496	0.535612	-0.37172
0.0352941	0.638449	0.570425	-0.342663
0.0352941	0.762922	0.588262	-0.433837
0.0352941	0.655774	0.665805	-0.377392
0.0352941	0.798512	0.707276	-0.395929
0.0352941	0.744996	0.558318	-0.404667
0.0352941	0.647762	0.535408	-0.319055
0.0352941	0.727887	0.595765	-0.422894
0.0337079	0.781888	0.63288	-0.439236
0.0337079	0.805251	0.616201	-0.446884
0.0337079	0.766626	0.69271	-0.414525
0.0337079	0.712842	0.616492	-0.419793
0.0337079	0.69329	0.583484	-0.396602
0.0337079	0.637159	0.701205	-0.362107
0.0322581	0.609826	0.688935	-0.34148
0.0322581	0.692871	0.826402	-0.30108
0.0322581	0.633028	0.776667	-0.329977
0.0322581	0.75154	0.74118	-0.37216
0.0322581	0.712962	0.779404	-0.325358
0.0322581	0.723328	0.792386	-0.333022
0.0322581	0.612052	0.875465	-0.287023
0.0322581	0.475427	0.799344	-0.264146
0.0322581	0.573328	0.744333	-0.314085
0.0322581	0.700836	0.810185	-0.329368
0.0322581	0.678681	0.750137	-0.358071
0.0322581	0.724042	0.663492	-0.416909
0.0322581	0.800124	0.59338	-0.436862
0.0309278	0.838115	0.560354	-0.413547
0.0309278	0.835413	0.51746	-0.327917
0.0309278	0.960928	0.545961	-0.299797
0.029703	0.932373	0.542097	-0.323715
0.029703	0.947134	0.647453	-0.343312
0.029703	0.824476	0.54937	-0.399187
0.029703	0.784205	0.546408	-0.3961
0.029703	0.732489	0.592264	-0.419754
0.029703	0.738016	0.67889	-0.411956
0.0285714	0.812866	0.67744	-0.419848
0.0285714	0.84558	0.588462	-0.431213
0.0285714	0.738747	0.570463	-0.416664
0.0285714	0.761001	0.636747	-0.435403
0.0285714	0.850643	0.651871	-0.431509
0.0275229	0.748303	0.608714	-0.435674
0.0275229	0.716922	0.613062	-0.423595
0.0275229	0.771168	0.647918	-0.440394
0.0275229	0.837621	0.636569	-0.430796
0.0275229	0.828508	0.655562	-0.429013
0.0275229	0.735902	0.600264	-0.417334
0.0275229	0.821566	0.63248	-0.437736
0.0275229	0.740587	0.562607	-0.403889
0.0275229	0.833322	0.54145	-0.384744
0.0275229	0.771472	0.536164	-0.381389
0.0265487	0.717472	0.618658	-0.419987
0.0265487	0.69979	0.680542	-0.401995
0.0265487	0.717289	0.640103	-0.417517
0.0265487	0.804436	0.590302	-0.439152
0.0265487	0.785929	0.635262	-0.440297
0.0265487	0.734503	0.67262	-0.410421
0.0265487	0.694835	0.731294	-0.371166
0.025641	0.755072	0.755549	-0.353487
0.025641	0.807196	0.685631	-0.417462
0.025641	0.776799	0.69712	-0.412539
0.025641	0.693716	0.610014	-0.400687
0.025641	0.789089	0.633781	-0.442927
0.025641	0.815544	0.616826	-0.441718
0.0247934	0.801886	0.64704	-0.439178
0.0247934	0.800857	0.615584	-0.442944
0.0247934	0.764329	0.55119	-0.40529
0.0247934	0.760993	0.576454	-0.42654
0.0247934	0.786649	0.662575	-0.428445
0.0247934	0.708941	0.651069	-0.407862
0.0247934	0.655492	0.618082	-0.377442
0.0247934	0.709758	0.584616	-0.407713
0.0247934	0.78179	0.651227	-0.432009
0.0247934	0.828783	0.662218	-0.424031
0.024	0.742608	0.658959	-0.424411
0.024	0.72552	0.693518	-0.406551
0.024	0.7976	0.657001	-0.43787
0.024	0.715367	0.643663	-0.418465
0.024	0.771278	0.603289	-0.440691
0.024	0.802653	0.628387	-0.44581
0.024	0.852202	0.62933	-0.431728
0.0232558	0.778649	0.621554	-0.445965
0.0232558	0.798269	0.634747	-0.444137
0.0232558	0.802935	0.588277	-0.436647
0.0232558	0.762926	0.582281	-0.429669
0.0232558	0.758753	0.655083	-0.428984
0.0232558	0.723679	0.62438	-0.42663
0.0225564	0.771336	0.685576	-0.41568
0.0225564	0.761448	0.721414	-0.384293
0.0225564	0.706829	0.708948	-0.385271
0.0225564	0.735454	0.724173	-0.387497
0.0225564	0.770081	0.674622	-0.422402
0.0225564	0.842453	0.647892	-0.422298
0.0225564	0.882105	0.655269	-0.404853
0.0225564	0.820601	0.61847	-0.440532
0.0225564	0.786807	0.607629	-0.440256
0.0225564	0.749813	0.55422	-0.409822
0.0218978	0.803889	0.614144	-0.447642
0.0218978	0.783151	0.599171	-0.443681
0.0218978	0.780166	0.647768	-0.440037
0.0218978	0.727453	0.656387	-0.416853
0.0218978	0.772701	0.68825	-0.416264
0.0218978	0.790086	0.702592	-0.403802
0.0218978	0.746986	0.684793	-0.414322
0.0218978	0.723176	0.62284	-0.423193
0.0218978	0.753811	0.673338	-0.418511
0.0218978	0.748653	0.629653	-0.4339
0.0218978	0.782979	0.635039	-0.438661
0.0218978	0.797494	0.577617	-0.433232
0.0212766	0.821144	0.600899	-0.441684
0.0212766	0.821344	0.59269	-0.442672
0.0212766	0.81466	0.598034	-0.438686
0.0212766	0.792875	0.650051	-0.43466
0.0212766	0.720698	0.585016	-0.416475
0.0212766	0.720574	0.62793	-0.425194
0.0212766	0.754095	0.579804	-0.430524
0.0212766	0.755721	0.571898	-0.422911
0.0212766	0.751287	0.586312	-0.430878
0.0206897	0.73569	0.60748	-0.427066
0.0206897	0.805501	0.570669	-0.425617
0.0206897	0.737138	0.6336	-0.425071
0.0206897	0.759927	0.624189	-0.438975
0.0206897	0.773959	0.615841	-0.43708
0.0206897	0.80891	0.62644	-0.445466
0.0206897	0.737609	0.589409	-0.426729
0.0201342	0.757552	0.645843	-0.433846
0.0201342	0.815546	0.625889	-0.443757
0.0201342	0.77271	0.560645	-0.412794
0.0201342	0.773559	0.553287	-0.406961
0.0201342	0.786221	0.602356	-0.441602
0.0201342	0.828591	0.596872	-0.436409
0.0201342	0.860881	0.627281	-0.427411
0.0201342	0.865676	0.584151	-0.416209
0.0196078	0.817649	0.553534	-0.405814
0.0196078	0.776811	0.594251	-0.442537
0.0196078	0.775681	0.634944	-0.439065
0.0196078	0.771058	0.653735	-0.434281
0.0196078	0.79885	0.6305	-0.442562
0.0196078	0.862045	0.597847	-0.426293
0.0196078	0.797588	0.658858	-0.428195
0.0196078	0.852131	0.620876	-0.430808
0.0196078	0.796678	0.661784	-0.428397
0.0196078	0.807416	0.643537	-0.439571
0.0196078	0.765711	0.660274	-0.430996
0.0196078	0.767233	0.599685	-0.4411
0.0196078	0.808355	0.654604	-0.438074
0.0191083	0.757157	0.598264	-0.435224
0.0191083	0.771211	0.631687	-0.443028
0.0191083	0.74698	0.625785	-0.434976
0.0191083	0.782395	0.618039	-0.438485
0.0191083	0.824888	0.648663	-0.427464
0.0191083	0.776916	0.589196	-0.43799
0.0191083	0.762304	0.576147	-0.428771
0.0191083	0.768641	0.569738	-0.426205
0.0191083	0.729729	0.584481	-0.414467
0.0191083	0.801565	0.58292	-0.435209
0.0191083	0.771995	0.569124	-0.426317
0.0191083	0.787109	0.606522	-0.441478
0.0191083	0.818546	0.626108	-0.440835
0.0191083	0.831272	0.645527	-0.44291
0.0186335	0.80468	0.676105	-0.426254
0.0186335	0.804762	0.680955	-0.417829
0.0186335	0.854374	0.639743	-0.421484
0.0186335	0.855728	0.591703	-0.428834
0.0186335	0.850095	0.554384	-0.399501
0.0186335	0.848403	0.588661	-0.427636
0.0186335	0.847006	0.598708	-0.43646
0.0186335	0.81937	0.65821	-0.435821
0.0181818	0.751334	0.641932	-0.431941
0.0181818	0.815704	0.650375	-0.434552
0.0181818	0.753483	0.651605	-0.430376
0.0181818	0.738313	0.669765	-0.419171
0.0181818	0.814131	0.615718	-0.442067
0.0181818	0.853192	0.600676	-0.431973
0.0181818	0.878518	0.655108	-0.406393
0.0181818	0.944766	0.599499	-0.370015
0.0181818	0.963033	0.633502	-0.338606
0.0177515	0.915552	0.675156	-0.359321
0.0177515	0.911615	0.680523	-0.347235
0.0177515	0.846059	0.605473	-0.431388
0.0177515	0.786514	0.576735	-0.435061
0.0177515	0.768493	0.607078	-0.438111
0.0177515	0.820417	0.57853	-0.428486
0.0177515	0.864598	0.628157	-0.429236
0.0177515	0.802729	0.574018	-0.432706
0.0177515	0.735569	0.646681	-0.424955
0.017341	0.741626	0.60352	-0.430531
0.017341	0.732048	0.619364	-0.429423
0.017341	0.755575	0.605857	-0.437657
0.017341	0.768816	0.579471	-0.433044
0.017341	0.845337	0.613447	-0.439217
0.017341	0.81066	0.637343	-0.438162
0.017341	0.817626	0.602876	-0.443433
0.017341	0.836533	0.627198	-0.443695
0.017341	0.770488	0.58304	-0.43058
0.017341	0.779854	0.584411	-0.435816
0.017341	0.773402	0.663075	-0.432849
0.017341	0.808719	0.643545	-0.440774
0.0169492	0.790156	0.633641	-0.440118
0.0169492	0.757842	0.586956	-0.437221
0.0169492	0.811619	0.650735	-0.43759
0.0169492	0.762489	0.6373	-0.439097
0.0169492	0.726488	0.590507	-0.41986
0.0169492	0.783416	0.589598	-0.439698
0.0169492	0.816644	0.588193	-0.440857
0.0169492	0.76839	0.623989	-0.442354
0.0169492	0.747969	0.69356	-0.414793
0.0165746	0.742697	0.697291	-0.404893
0.0165746	0.783803	0.672434	-0.42159
0.0165746	0.753267	0.623007	-0.43653
0.0165746	0.794136	0.680451	-0.419108
0.0165746	0.803572	0.627764	-0.445806
0.0165746	0.785858	0.64848	-0.434953
0.0165746	0.835718	0.660519	-0.417799
0.0165746	0.790415	0.716908	-0.396363
0.0162162	0.783925	0.640377	-0.440791
0.0162162	0.769576	0.676649	-0.422292
0.0162162	0.786516	0.598236	-0.440159
0.0162162	0.843129	0.653316	-0.428773
0.0162162	0.803937	0.697876	-0.407198
0.0162162	0.774659	0.650701	-0.434059
0.0162162	0.700496	0.640629	-0.412476
0.0162162	0.742769	0.596032	-0.429564
0.0162162	0.763503	0.595014	-0.434551
0.0162162	0.743061	0.672962	-0.418983
0.0162162	0.733265	0.623429	-0.432
0.0162162	0.80764	0.561551	-0.41487
0.015873	0.847127	0.598207	-0.439363
0.015873	0.809411	0.607622	-0.443871
0.015873	0.822153	0.671684	-0.422648
0.015873	0.789047	0.686139	-0.415086
0.015873	0.822484	0.675621	-0.425112
0.015873	0.824038	0.670282	-0.428884
0.015873	0.865146	0.592226	-0.421356
0.015873	0.833454	0.60105	-0.443553
0.015544	0.763909	0.583305	-0.430901
0.015544	0.738082	0.638971	-0.427867
0.015544	0.794889	0.602023	-0.444594
0.015544	0.821664	0.626514	-0.438402
0.015544	0.859477	0.61521	-0.433939
0.015544	0.875211	0.589908	-0.415632
0.015544	0.854473	0.62819	-0.429327
0.015544	0.862677	0.630156	-0.425622
0.0152284	0.822328	0.602784	-0.44006
0.0152284	0.848778	0.664456	-0.419125
0.0152284	0.805393	0.715	-0.395394
0.0152284	0.752702	0.663555	-0.424131
0.0152284	0.694072	0.629991	-0.409141
0.0152284	0.749023	0.636687	-0.433197
0.0152284	0.71347	0.638406	-0.416567
0.0152284	0.716098	0.640537	-0.418188
0.0152284	0.71774	0.634033	-0.423352
0.0152284	0.766513	0.622965	-0.442122
0.0149254	0.761512	0.572902	-0.42295
0.0149254	0.782465	0.60976	-0.440298
0.0149254	0.733837	0.571732	-0.411144
0.0149254	0.809317	0.551417	-0.408065
0.0149254	0.79088	0.591272	-0.437338
0.0149254	0.768192	0.667771	-0.427337
0.0149254	0.703774	0.644586	-0.410918
0.0149254	0.763507	0.605181	-0.439999
0.0146341	0.841145	0.610203	-0.432295
0.0146341	0.783308	0.671173	-0.426043
0.0146341	0.785184	0.593175	-0.440693
0.0146341	0.756771	0.622816	-0.441179
0.0146341	0.743958	0.610575	-0.434377
0.0146341	0.730956	0.624777	-0.428397
0.0146341	0.792829	0.60262	-0.439523
0.0146341	0.75258	0.593139	-0.432458
0.0146341	0.75272	0.585593	-0.429165
0.0143541	0.720427	0.586167	-0.412149
0.0143541	0.775399	0.544994	-0.399486
0.0143541	0.729674	0.610485	-0.423413
0.0143541	0.779211	0.655969	-0.434684
0.0143541	0.74252	0.586962	-0.431173
0.0143541	0.748007	0.633153	-0.429878
0.0143541	0.669138	0.594618	-0.376357
0.0143541	0.651843	0.63095	-0.371702
0.0143541	0.638241	0.611542	-0.352915
0.0143541	0.686324	0.60244	-0.39537
0.0143541	0.698301	0.575261	-0.400495
0.0143541	0.734245	0.612827	-0.42017
0.0143541	0.812623	0.60616	-0.440734
0.0140845	0.772947	0.659929	-0.431691
0.0140845	0.777378	0.62062	-0.441969
0.0140845	0.78661	0.611026	-0.440792
0.0140845	0.828932	0.590497	-0.437954
0.0140845	0.77669	0.65484	-0.433778
0.0140845	0.800532	0.616336	-0.443571
0.0140845	0.805732	0.584904	-0.438354
0.0140845	0.82244	0.586839	-0.435409
0.0138249	0.81448	0.626122	-0.447629
0.0138249	0.830549	0.636697	-0.435807
0.0135747	0.814101	0.599854	-0.44108
0.0135747	0.850161	0.620393	-0.437068
0.0135747	0.781986	0.661215	-0.426699
0.0135747	0.724011	0.642605	-0.42243
0.0135747	0.787645	0.66506	-0.42858
0.0135747	0.728449	0.659265	-0.418239
0.0135747	0.713362	0.651922	-0.419118
0.0135747	0.733261	0.630883	-0.426194
0.0133333	0.771716	0.581329	-0.431783
0.0133333	0.764602	0.6246	-0.438689
0.0133333	0.743913	0.599242	-0.434267
0.0133333	0.772969	0.626791	-0.442474
0.0133333	0.711914	0.587384	-0.409532
0.0133333	0.761407	0.639	-0.436748
0.0133333	0.774833	0.619901	-0.443625
0.0131004	0.786824	0.671814	-0.425006
0.0131004	0.723115	0.613269	-0.425921
0.0131004	0.748209	0.636873	-0.430864
0.0131004	0.74544	0.586004	-0.426302
0.0131004	0.719622	0.570759	-0.403962
0.0131004	0.734543	0.53657	-0.370742
0.0131004	0.794233	0.599371	-0.441101
0.0131004	0.818611	0.665023	-0.432995
0.0131004	0.812688	0.62494	-0.447507
0.0131004	0.778491	0.608	-0.444393
0.0128755	0.742328	0.624636	-0.435956
0.0128755	0.705695	0.623598	-0.416589
0.0128755	0.765658	0.564647	-0.418973
0.0128755	0.786856	0.587925	-0.438205
0.0128755	0.796007	0.654349	-0.439163
0.0128755	0.772212	0.640321	-0.441981
0.0128755	0.795439	0.623015	-0.440845
0.0128755	0.791036	0.667679	-0.43327
0.0126582	0.724462	0.611764	-0.421509
0.0126582	0.743176	0.656266	-0.425103
0.0126582	0.738849	0.660114	-0.422727
0.0126582	0.753319	0.655597	-0.426658
0.0126582	0.791728	0.636342	-0.438659
0.0126582	0.735463	0.632601	-0.42877
0.0126582	0.752635	0.581681	-0.428547
0.0126582	0.720463	0.594079	-0.415835
0.0126582	0.770108	0.653948	-0.426933
0.0126582	0.819255	0.634318	-0.440709
0.0126582	0.837622	0.595941	-0.433416
0.0126582	0.784347	0.636893	-0.430989
0.0126582	0.736807	0.609115	-0.427422
0.0124481	0.813607	0.665039	-0.429069
0.0124481	0.801296	0.660158	-0.429772
0.0124481	0.7824	0.60412	-0.444886
0.0124481	0.848004	0.631624	-0.43261
0.0124481	0.811215	0.595805	-0.441593
0.0124481	0.748144	0.581477	-0.430453
0.0124481	0.804646	0.616128	-0.441367
0.0124481	0.839884	0.607133	-0.442311
0.0124481	0.803554	0.621111	-0.445956
0.0124481	0.799581	0.638865	-0.440415
0.0122449	0.788221	0.643435	-0.437796
0.0122449	0.860941	0.573538	-0.410337
0.0122449	0.894703	0.581646	-0.404144
0.0122449	0.843422	0.630805	-0.437617
0.0122449	0.850396	0.602165	-0.434263
0.0122449	0.810765	0.638227	-0.445019
0.0122449	0.800389	0.66269	-0.435781
0.0122449	0.747424	0.605011	-0.433666
0.0122449	0.777471	0.573442	-0.427819
0.0120482	0.792718	0.574449	-0.435582
0.0120482	0.851799	0.642907	-0.426053
0.0120482	0.852964	0.591751	-0.42977
0.0120482	0.780402	0.561026	-0.417842
0.0120482	0.829492	0.582053	-0.429844
0.0118577	0.759966	0.573941	-0.423993
0.0118577	0.738805	0.643329	-0.427145
0.0118577	0.787496	0.601367	-0.437048
0.0118577	0.832271	0.647517	-0.428594
0.0118577	0.827065	0.652057	-0.43582
0.0118577	0.83718	0.59605	-0.437817
0.0118577	0.83927	0.632183	-0.43553
0.0118577	0.812678	0.601747	-0.444094
0.0116732	0.776387	0.618282	-0.439361
0.0116732	0.844257	0.635702	-0.438362
0.0116732	0.803459	0.637477	-0.443694
0.0116732	0.791948	0.600551	-0.441142
0.0116732	0.81205	0.615277	-0.443317
0.0116732	0.770977	0.625115	-0.444168
0.0116732	0.7753	0.584018	-0.438086
0.0116732	0.745195	0.614691	-0.437014
0.0116732	0.707215	0.604407	-0.412036
0.0114943	0.72774	0.588909	-0.418564
0.0114943	0.71955	0.646951	-0.418692
0.0114943	0.738792	0.629217	-0.427737
0.0114943	0.744759	0.60065	-0.433629
0.0114943	0.811564	0.638586	-0.446808
0.0114943	0.841012	0.577046	-0.426763
0.0114943	0.794439	0.573321	-0.425497
0.0114943	0.849772	0.567135	-0.416981
0.0113208	0.864957	0.617192	-0.432001
0.0113208	0.796218	0.621742	-0.444113
0.0113208	0.767509	0.606151	-0.439603
0.0113208	0.810601	0.624972	-0.442154
0.0113208	0.827519	0.61214	-0.435108
0.0113208	0.786779	0.595653	-0.436609
0.0113208	0.76797	0.639531	-0.438203
0.0113208	0.763911	0.654948	-0.437209
0.0111524	0.789594	0.71204	-0.407964
0.0111524	0.791198	0.696071	-0.403387
0.0111524	0.832059	0.689656	-0.400327
0.0111524	0.809059	0.668552	-0.421003
0.0111524	0.745898	0.62362	-0.433606
0.0111524	0.744171	0.665919	-0.422649
0.0111524	0.738476	0.645224	-0.4286
0.0111524	0.708114	0.640513	-0.419667
0.0111524	0.767911	0.618004	-0.439513
0.0111524	0.8285	0.587136	-0.437439
0.010989	0.849258	0.642248	-0.434024
0.010989	0.791227	0.579532	-0.433601
0.010989	0.855286	0.59093	-0.429806
0.010989	0.841836	0.589296	-0.430433
0.010989	0.827559	0.649359	-0.436473
0.010989	0.772995	0.637246	-0.442804
0.010989	0.786719	0.631956	-0.445307
0.010989	0.798511	0.638508	-0.445435
0.010989	0.731984	0.630989	-0.426633
0.010989	0.728324	0.675927	-0.414309
0.0108303	0.796549	0.664718	-0.424562
0.0108303	0.823867	0.616597	-0.438655
0.0108303	0.775289	0.619021	-0.446324
0.0108303	0.840941	0.674858	-0.408124
0.0108303	0.790346	0.625076	-0.443512
0.0108303	0.77564	0.596768	-0.440451
0.0108303	0.782975	0.616515	-0.444001
0.0108303	0.790719	0.662057	-0.433209
0.0108303	0.824004	0.612561	-0.443382
0.0106762	0.778587	0.583918	-0.436687
0.0106762	0.731918	0.582199	-0.414834
0.0106762	0.776232	0.588361	-0.435042
0.0106762	0.775733	0.620035	-0.441245
0.0106762	0.754677	0.609343	-0.432108
0.0106762	0.769991	0.58427	-0.433198
0.0106762	0.730635	0.64787	-0.427052
0.0106762	0.731292	0.598572	-0.426574
0.0105263	0.760973	0.637957	-0.43428
0.0105263	0.807644	0.650661	-0.440033
0.0105263	0.828809	0.625514	-0.437976
0.0105263	0.771566	0.649389	-0.430681
0.0105263	0.745461	0.59751	-0.432465
0.0105263	0.786863	0.58085	-0.436817
0.0105263	0.817369	0.640115	-0.428007
0.0105263	0.796014	0.64298	-0.438254
0.0105263	0.822796	0.640471	-0.431111
0.0105263	0.784229	0.66122	-0.430474
0.0103806	0.758803	0.686336	-0.422403
0.0103806	0.746317	0.618146	-0.435721
0.0103806	0.741863	0.631825	-0.433738
0.0103806	0.794838	0.578244	-0.43277
0.0103806	0.732698	0.585629	-0.418496
0.0103806	0.728096	0.635576	-0.423333
0.0103806	0.783359	0.633004	-0.442952
0.0103806	0.811502	0.600449	-0.443712
0.0103806	0.825148	0.624274	-0.444514
0.0103806	0.758348	0.662663	-0.425026
0.0103806	0.734631	0.628391	-0.430708
0.0103806	0.759853	0.630989	-0.436744
0.0103806	0.709029	0.669164	-0.404278
0.0102389	0.75381	0.641018	-0.435118
0.0102389	0.727657	0.601403	-0.426002
0.0102389	0.795773	0.566965	-0.429603
0.0102389	0.854769	0.640285	-0.429953
0.0102389	0.843675	0.608912	-0.439593
0.0102389	0.813886	0.600963	-0.43733
0.0102389	0.822312	0.643185	-0.435287
0.010101	0.827226	0.587227	-0.434296
0.010101	0.835666	0.620532	-0.439709
0.010101	0.801256	0.565196	-0.419407
0.010101	0.853586	0.622959	-0.428521
0.010101	0.7908	0.671262	-0.428042
0.010101	0.851363	0.64374	-0.429746
0.010101	0.864189	0.582472	-0.420994
0.010101	0.821997	0.60516	-0.442538
0.00996678	0.838153	0.590362	-0.433747
0.00996678	0.786793	0.604075	-0.441055
0.00996678	0.839938	0.601116	-0.438608
0.00996678	0.846983	0.619061	-0.436107
0.00996678	0.791291	0.573652	-0.431744
0.00996678	0.796872	0.608183	-0.443866
0.00996678	0.828807	0.575102	-0.42569
0.00996678	0.830851	0.635635	-0.439863
0.00996678	0.843303	0.637355	-0.436465
0.00996678	0.847806	0.598329	-0.432711
0.00983607	0.802198	0.632283	-0.446714
0.00983607	0.773542	0.622971	-0.442965
0.00983607	0.807219	0.578744	-0.435196
0.00983607	0.771906	0.560744	-0.418987
0.00983607	0.74848	0.560412	-0.409182
0.00983607	0.816621	0.557666	-0.411741
0.00983607	0.793308	0.566442	-0.419312
0.00983607	0.812365	0.629945	-0.443397
0.00983607	0.831574	0.625496	-0.443088
0.00983607	0.78105	0.584575	-0.436094
0.00970874	0.787972	0.638259	-0.440412
0.00970874	0.782514	0.607899	-0.443645
0.00970874	0.784066	0.605871	-0.440563
0.00970874	0.79586	0.58545	-0.436461
0.00970874	0.763047	0.580131	-0.432452
0.00970874	0.789608	0.57421	-0.42927
0.00970874	0.763163	0.573021	-0.422786
0.00970874	0.796314	0.619134	-0.447795
0.00970874	0.841006	0.614376	-0.441194
0.00970874	0.812439	0.653121	-0.43183
0.00958466	0.795043	0.698816	-0.410575
0.00958466	0.864222	0.649758	-0.420217
0.00958466	0.819872	0.662855	-0.425071
0.00958466	0.83995	0.594582	-0.440215
0.00958466	0.818267	0.662426	-0.429875
0.00958466	0.789462	0.650794	-0.436456
0.00958466	0.799735	0.63518	-0.43695
0.00958466	0.822608	0.61556	-0.440284
0.00946372	0.801519	0.636	-0.440091
0.00946372	0.754009	0.591991	-0.434784
0.00946372	0.777587	0.66012	-0.432127
0.00946372	0.750693	0.625287	-0.434316
0.00946372	0.807893	0.616746	-0.442239
0.00946372	0.808631	0.624073	-0.445022
0.00946372	0.817796	0.596715	-0.438361
0.00934579	0.803575	0.55729	-0.419221
0.00934579	0.841791	0.586566	-0.430159
0.00934579	0.809838	0.619797	-0.446464
0.00934579	0.757479	0.605812	-0.436649
0.00934579	0.76117	0.586664	-0.429557
0.00934579	0.771641	0.636428	-0.439319
0.00934579	0.764522	0.639723	-0.434706
0.00923077	0.811841	0.657757	-0.431805
0.00923077	0.776242	0.602622	-0.443649
0.00923077	0.80206	0.60673	-0.444837
0.00923077	0.766768	0.598983	-0.43858
0.00923077	0.762107	0.598526	-0.43394
0.00923077	0.730909	0.597955	-0.426723
0.00923077	0.748453	0.543121	-0.391975
0.00923077	0.725142	0.555987	-0.398598
0.00923077	0.696479	0.579229	-0.395383
0.00923077	0.747565	0.593032	-0.432753
0.00923077	0.784112	0.64705	-0.431599
0.00923077	0.765523	0.599643	-0.438663
0.00911854	0.755277	0.603142	-0.435896
0.00911854	0.729389	0.63324	-0.424135
0.00911854	0.750808	0.626167	-0.43356
0.00911854	0.79884	0.632505	-0.439306
0.00911854	0.787711	0.583577	-0.433371
0.00911854	0.759332	0.613376	-0.434696
0.00911854	0.755357	0.635579	-0.437442
0.00900901	0.734553	0.620472	-0.431618
0.00900901	0.748244	0.659951	-0.42454
0.00900901	0.779135	0.646954	-0.435966
0.00900901	0.770445	0.679391	-0.417506
0.00900901	0.7819	0.683993	-0.413801
0.00900901	0.788832	0.662385	-0.430763
0.00900901	0.814475	0.615337	-0.442096
0.00900901	0.778361	0.588953	-0.439837
0.00900901	0.821687	0.624556	-0.441991
0.00900901	0.775107	0.599466	-0.439071
0.00890208	0.808411	0.595533	-0.442525
0.00890208	0.758643	0.624248	-0.436423
0.00890208	0.778048	0.638189	-0.439991
0.00890208	0.781857	0.670264	-0.429682
0.00890208	0.764888	0.626195	-0.442514
0.00890208	0.769303	0.654005	-0.439562
0.00890208	0.75767	0.609445	-0.435666
0.00890208	0.729911	0.631094	-0.430753
0.00890208	0.770169	0.59213	-0.433959
0.00890208	0.764424	0.634459	-0.437816
0.00879765	0.789351	0.609027	-0.442272
0.00879765	0.795247	0.645128	-0.438431
0.00879765	0.81703	0.640093	-0.441427
0.00879765	0.827666	0.646667	-0.441165
0.00879765	0.828426	0.611918	-0.443466
0.00879765	0.858738	0.6042	-0.433171
0.00879765	0.82614	0.592834	-0.434981
0.00879765	0.818199	0.587079	-0.434425
0.00879765	0.840384	0.589213	-0.430413
0.00879765	0.79287	0.624123	-0.443511
0.00869565	0.80831	0.669372	-0.428648
0.00869565	0.79147	0.649746	-0.438034
0.00869565	0.833684	0.599606	-0.438764
0.00869565	0.801063	0.639356	-0.44029
0.00869565	0.84117	0.611181	-0.438492
0.00869565	0.841509	0.640675	-0.438323
0.00869565	0.849832	0.620371	-0.434789
0.00869565	0.841272	0.588981	-0.43241
0.00859599	0.852528	0.620737	-0.430357
0.00859599	0.84767	0.601992	-0.435355
0.00859599	0.805059	0.578422	-0.436252
0.00859599	0.799198	0.622919	-0.444629
0.00859599	0.799814	0.591368	-0.440166
0.00859599	0.829558	0.617211	-0.440987
0.00859599	0.792642	0.620377	-0.445579
0.00859599	0.814658	0.60313	-0.443154
0.00859599	0.807134	0.608637	-0.444332
0.00859599	0.818945	0.6103	-0.4409
0.00859599	0.845139	0.626222	-0.440869
0.00859599	0.80675	0.613861	-0.445578
0.00849858	0.84266	0.576122	-0.424358
0.00849858	0.827202	0.619139	-0.437864
0.00849858	0.875687	0.600912	-0.426065
0.00849858	0.85575	0.620508	-0.428301
0.00849858	0.84518	0.593833	-0.43078
0.00849858	0.852634	0.638272	-0.429113
0.00849858	0.831407	0.643046	-0.443006
0.00849858	0.783569	0.598715	-0.445932
0.00849858	0.826157	0.609694	-0.445497
0.00849858	0.80118	0.606508	-0.447968
0.00849858	0.827195	0.627457	-0.445402
0.00840336	0.780882	0.599529	-0.441862
0.00840336	0.815952	0.629921	-0.442883
0.00840336	0.790155	0.603148	-0.44407
0.00840336	0.770782	0.626121	-0.442791
0.00840336	0.793353	0.631237	-0.443572
0.00840336	0.779298	0.61946	-0.448888
0.00840336	0.787574	0.628776	-0.442549
0.00840336	0.798249	0.613573	-0.444303
0.00840336	0.797439	0.582431	-0.43246
0.00840336	0.841249	0.599781	-0.432897
0.00840336	0.791777	0.580555	-0.437713
0.00840336	0.769386	0.566891	-0.416412
0.00831025	0.778475	0.549606	-0.403722
0.00831025	0.742217	0.565871	-0.415528
0.00831025	0.753628	0.570784	-0.416777
0.00831025	0.804072	0.563891	-0.421235
0.00831025	0.852373	0.592234	-0.429298
0.00831025	0.882065	0.603028	-0.41862
0.00831025	0.855152	0.607488	-0.434624
0.00831025	0.860331	0.628458	-0.427717
0.00821918	0.881773	0.635095	-0.413823
0.00821918	0.883098	0.625485	-0.419692
0.00821918	0.851911	0.658596	-0.420088
0.00821918	0.838345	0.633571	-0.43846
0.00821918	0.851839	0.607801	-0.431767
0.00821918	0.863417	0.602737	-0.426868
0.00821918	0.832035	0.626498	-0.437447
0.00821918	0.81048	0.617129	-0.44494
0.00821918	0.783188	0.606012	-0.442148
0.00821918	0.770626	0.605636	-0.435315
0.00821918	0.819769	0.57533	-0.429195
0.00821918	0.802548	0.61267	-0.445694
0.00821918	0.82126	0.640987	-0.442563
0.00813008	0.793238	0.593491	-0.440602
0.00813008	0.743676	0.644807	-0.430294
0.00813008	0.754235	0.623563	-0.431952
0.00813008	0.750549	0.592709	-0.426739
0.00813008	0.769725	0.624478	-0.443683
0.00813008	0.805199	0.60461	-0.445426
0.00813008	0.830645	0.647727	-0.434564
0.0080429	0.786007	0.608159	-0.439967
0.0080429	0.818163	0.634665	-0.437509
0.0080429	0.797721	0.642978	-0.439885
0.0080429	0.753255	0.61061	-0.437191
0.0080429	0.760205	0.631049	-0.435153
0.0080429	0.771534	0.641215	-0.433876
0.0080429	0.797452	0.599889	-0.439708
0.0080429	0.773412	0.587088	-0.438339
0.0080429	0.762004	0.604845	-0.43676
0.0080429	0.74438	0.62282	-0.436147
0.0080429	0.776124	0.611704	-0.441072
0.0080429	0.80035	0.619541	-0.446812
0.0080429	0.761541	0.665862	-0.427974
0.0080429	0.762092	0.628003	-0.437971
0.0080429	0.744096	0.633221	-0.435678
0.00795756	0.770024	0.608567	-0.441857
0.00795756	0.801745	0.608506	-0.44881
0.00795756	0.750176	0.614869	-0.436205
0.00795756	0.791714	0.615672	-0.446326
0.00795756	0.745284	0.599565	-0.429162
0.00795756	0.746691	0.613654	-0.438045
0.00795756	0.755909	0.650167	-0.429496
0.00795756	0.764333	0.616277	-0.438201
0.00795756	0.791779	0.629679	-0.445469
0.00795756	0.798074	0.646529	-0.436184
0.00795756	0.810521	0.631314	-0.442983
0.00795756	0.793716	0.587899	-0.440274
0.00787402	0.776775	0.618266	-0.439886
0.00787402	0.784869	0.603715	-0.449526
0.00787402	0.825279	0.62777	-0.442975
0.00787402	0.793772	0.608201	-0.442007
0.00787402	0.769265	0.618216	-0.442178
0.00787402	0.821197	0.605903	-0.443279
0.00787402	0.81436	0.583505	-0.43484
0.00779221	0.824166	0.6026	-0.443031
0.00779221	0.83652	0.607127	-0.438779
0.00779221	0.795305	0.590309	-0.439641
0.00779221	0.829979	0.637982	-0.439164
0.00779221	0.813362	0.654897	-0.429237
0.00779221	0.817251	0.624893	-0.444844
0.00779221	0.823589	0.602242	-0.441982
0.00771208	0.852313	0.614838	-0.434
0.00771208	0.816501	0.638584	-0.434542
0.00771208	0.795788	0.654687	-0.438348
0.00771208	0.773017	0.611212	-0.440794
0.00771208	0.794459	0.590474	-0.442342
0.00771208	0.78677	0.614334	-0.442244
0.00771208	0.756828	0.614523	-0.436214
0.00771208	0.795071	0.602381	-0.44302
0.00771208	0.78762	0.600922	-0.444397
0.00771208	0.781982	0.622922	-0.442751
0.00763359	0.792007	0.589836	-0.439898
0.00763359	0.824978	0.633075	-0.436195
0.00763359	0.790103	0.608584	-0.446435
0.00763359	0.78145	0.61402	-0.444338
0.00763359	0.821766	0.619564	-0.445333
0.00763359	0.830015	0.620357	-0.444049
0.00763359	0.823653	0.615582	-0.443312
0.00763359	0.800991	0.638442	-0.441703
0.00755668	0.790604	0.629336	-0.440099
0.00755668	0.805485	0.626561	-0.445879
0.00755668	0.766319	0.599561	-0.435154
0.00755668	0.750204	0.592896	-0.432965
0.00755668	0.787873	0.602431	-0.443598
0.00755668	0.790058	0.595366	-0.440304
0.0074813	0.815414	0.63071	-0.441134
0.0074813	0.814943	0.647131	-0.441478
0.0074813	0.777972	0.627908	-0.440684
0.0074813	0.783188	0.623489	-0.445268
0.0074813	0.767214	0.648426	-0.43355
0.0074813	0.778573	0.616463	-0.437337
0.0074813	0.745635	0.643705	-0.430149
0.0074813	0.735994	0.605153	-0.4298
0.0074813	0.72354	0.603479	-0.423711
0.0074813	0.76007	0.588495	-0.43814
0.00740741	0.770291	0.598227	-0.438006
0.00740741	0.750022	0.623474	-0.435703
0.00740741	0.787437	0.634173	-0.441853
0.00740741	0.749359	0.642372	-0.434648
0.00740741	0.735858	0.638046	-0.430889
0.00740741	0.765781	0.640949	-0.431634
0.00740741	0.764818	0.636686	-0.435387
0.00740741	0.736968	0.623084	-0.427331
0.00740741	0.716724	0.604656	-0.423935
0.00740741	0.735638	0.639312	-0.424115
0.00740741	0.7554	0.605903	-0.435575
0.00740741	0.738777	0.594745	-0.426104
0.00740741	0.746653	0.599014	-0.429051
0.00733496	0.76536	0.611634	-0.439994
0.00733496	0.779931	0.615088	-0.443131
0.00733496	0.790467	0.591855	-0.441512
0.00733496	0.796396	0.618036	-0.443765
0.00733496	0.82758	0.609016	-0.441568
0.00733496	0.848309	0.587283	-0.430922
0.00733496	0.834262	0.588701	-0.438547
0.00733496	0.804429	0.600896	-0.440705
0.00733496	0.81262	0.572103	-0.42705
0.00733496	0.775239	0.554782	-0.414209
0.00726392	0.801311	0.56693	-0.420524
0.00726392	0.783676	0.602919	-0.443233
0.00726392	0.812084	0.63361	-0.447414
0.00726392	0.806735	0.633826	-0.436265
0.00726392	0.772875	0.621087	-0.44209
0.00726392	0.811625	0.635499	-0.43961
0.00726392	0.823326	0.593282	-0.43942
0.00726392	0.796841	0.627429	-0.445303
0.00719424	0.791312	0.607777	-0.445374
0.00719424	0.788446	0.600909	-0.445107
0.00719424	0.816066	0.626624	-0.444309
0.00719424	0.812261	0.604419	-0.441915
0.00719424	0.79288	0.620916	-0.444925
0.00719424	0.784995	0.607742	-0.444032
0.00719424	0.814291	0.56812	-0.418327
0.00719424	0.823286	0.578243	-0.425597
0.00719424	0.850139	0.594738	-0.427935
0.00719424	0.882857	0.621249	-0.421733
0.00712589	0.885886	0.631092	-0.410803
0.00712589	0.860948	0.660972	-0.415251
0.00712589	0.848254	0.626256	-0.435645
0.00712589	0.829632	0.626877	-0.435434
0.00712589	0.79446	0.64568	-0.442701
0.00712589	0.812242	0.607307	-0.443294
0.00712589	0.770789	0.623364	-0.443372
0.00712589	0.795151	0.62615	-0.439525
0.00712589	0.75655	0.600269	-0.43609
0.00705882	0.791932	0.584235	-0.433002
0.00705882	0.807012	0.621771	-0.441736
0.00705882	0.772482	0.639413	-0.437299
0.00705882	0.781737	0.644356	-0.437902
0.00705882	0.764869	0.667201	-0.427182
0.00705882	0.780496	0.666525	-0.428198
0.00705882	0.796372	0.664445	-0.43414
0.00705882	0.777077	0.651348	-0.436403
0.00705882	0.766004	0.622319	-0.43784
0.00699301	0.802162	0.578995	-0.432313
0.00699301	0.821331	0.58609	-0.435268
0.00699301	0.816272	0.584121	-0.434355
0.00699301	0.782219	0.582796	-0.433159
0.00699301	0.752208	0.607317	-0.433649
0.00699301	0.780423	0.574002	-0.429172
0.00692841	0.778864	0.577017	-0.430568
0.00692841	0.779699	0.573107	-0.426677
0.00692841	0.77708	0.604313	-0.441126
0.00692841	0.811072	0.638378	-0.442817
0.00692841	0.802932	0.63862	-0.44077
0.00692841	0.808351	0.600331	-0.442421
0.00692841	0.826927	0.622907	-0.440911
0.00692841	0.804263	0.637131	-0.443873
0.00686499	0.806541	0.622575	-0.439048
0.00686499	0.836481	0.58337	-0.434371
0.00686499	0.804499	0.621121	-0.443845
0.00686499	0.781841	0.614873	-0.444846
0.00686499	0.792713	0.611419	-0.444544
0.00686499	0.827472	0.633815	-0.440492
0.00686499	0.823814	0.638864	-0.440687
0.00680272	0.821717	0.648383	-0.440437
0.00680272	0.852024	0.622615	-0.435025
0.00680272	0.835279	0.610584	-0.439286
0.00680272	0.82557	0.59241	-0.439868
0.00680272	0.799474	0.588686	-0.440659
0.00680272	0.776105	0.612512	-0.443158
0.00680272	0.808316	0.596818	-0.438285
0.00680272	0.797593	0.575789	-0.432346
0.00680272	0.78351	0.608738	-0.443123
0.00680272	0.785807	0.601094	-0.44067
0.00680272	0.783601	0.609057	-0.4417
0.00680272	0.776643	0.628269	-0.442325
0.00674157	0.78509	0.600214	-0.441147
0.00674157	0.813761	0.628372	-0.439531
0.00674157	0.829351	0.637207	-0.438934
0.00674157	0.798838	0.613224	-0.448399
0.00674157	0.774455	0.606768	-0.439772
0.00674157	0.775589	0.634002	-0.440959
0.00674157	0.806843	0.618895	-0.442839
0.00674157	0.803166	0.599124	-0.44067
0.00674157	0.824152	0.564358	-0.41692
0.00674157	0.839882	0.597066	-0.437734
0.00674157	0.821802	0.571654	-0.420737
0.00674157	0.845352	0.58423	-0.428156
0.00668151	0.811151	0.587039	-0.436189
0.00668151	0.812567	0.607281	-0.443106
0.00668151	0.817285	0.63876	-0.440867
0.00668151	0.786319	0.62341	-0.442319
0.00668151	0.787275	0.641028	-0.44661
0.00668151	0.762188	0.640103	-0.432204
0.00668151	0.779494	0.668804	-0.430882
0.00668151	0.793155	0.653865	-0.428983
0.00668151	0.808921	0.622396	-0.440859
0.00668151	0.791857	0.608561	-0.445192
0.00662252	0.761503	0.621472	-0.437559
0.00662252	0.778867	0.606494	-0.443135
0.00662252	0.791656	0.625164	-0.443169
0.00662252	0.761569	0.628443	-0.438519
0.00662252	0.788737	0.617655	-0.445052
0.00662252	0.761753	0.605917	-0.43827
0.00662252	0.775789	0.622389	-0.442201
0.00662252	0.791042	0.622229	-0.445949
0.00662252	0.811052	0.614768	-0.444855
0.00662252	0.80515	0.631449	-0.443198
0.00662252	0.78569	0.63094	-0.44297
0.00662252	0.805359	0.652837	-0.432465
0.00656455	0.81832	0.624205	-0.444708
0.00656455	0.805433	0.61007	-0.446942
0.00656455	0.769797	0.59339	-0.437253
0.00656455	0.738919	0.59043	-0.425143
0.00656455	0.716798	0.619913	-0.417691
0.00656455	0.745472	0.619575	-0.434962
0.00656455	0.757488	0.613938	-0.440164
0.00656455	0.775717	0.624929	-0.441137
0.00656455	0.777847	0.615184	-0.438697
0.00656455	0.7436	0.63938	-0.431828
0.00650759	0.774501	0.665092	-0.429245
0.00650759	0.808464	0.654271	-0.435583
0.00650759	0.796829	0.638015	-0.440614
0.00650759	0.82002	0.644049	-0.437307
0.00650759	0.804947	0.655163	-0.432991
0.00650759	0.782194	0.653054	-0.432899
0.00650759	0.770663	0.643576	-0.439374
0.00650759	0.776447	0.611258	-0.440999
0.00650759	0.761715	0.64351	-0.434905
0.00650759	0.790158	0.661289	-0.42731
0.00650759	0.757919	0.638196	-0.435314
0.00650759	0.78416	0.650191	-0.441005
0.00645161	0.770205	0.626148	-0.440743
0.00645161	0.753104	0.611992	-0.440011
0.00645161	0.77939	0.605611	-0.443511
0.00645161	0.810769	0.592928	-0.440592
0.00645161	0.775418	0.619584	-0.440923
0.00645161	0.767873	0.644302	-0.437776
0.00645161	0.767764	0.64426	-0.435777
0.00645161	0.7732	0.626101	-0.43793
0.00645161	0.786183	0.633336	-0.439988
0.00645161	0.770947	0.63145	-0.440005
0.00645161	0.80526	0.643137	-0.441828
0.00645161	0.829087	0.622392	-0.443186
0.00645161	0.795217	0.633014	-0.442884
0.00645161	0.812451	0.598273	-0.443333
0.00645161	0.794163	0.623013	-0.443353
0.00639659	0.765169	0.597424	-0.440423
0.00639659	0.795319	0.599591	-0.444356
0.00639659	0.759304	0.612586	-0.437422
0.00639659	0.78736	0.621075	-0.442003
0.00639659	0.81987	0.628855	-0.444376
0.00639659	0.83534	0.627854	-0.435375
0.00639659	0.812118	0.609751	-0.442433
0.00639659	0.799958	0.617899	-0.444544
0.00639659	0.802303	0.631838	-0.442863
0.00639659	0.801771	0.614995	-0.442353
0.00639659	0.822362	0.612071	-0.444008
0.00634249	0.82487	0.638975	-0.43376
0.00634249	0.814298	0.606523	-0.44264
0.00634249	0.803719	0.605821	-0.4421
0.00634249	0.807318	0.608046	-0.443321
0.00634249	0.787716	0.627686	-0.443202
0.00634249	0.795501	0.638683	-0.444285
0.00634249	0.77617	0.641319	-0.440324
0.00634249	0.765977	0.613529	-0.439475
0.00628931	0.803993	0.650568	-0.436098
0.00628931	0.821711	0.621436	-0.442915
0.00628931	0.851413	0.618288	-0.43439
0.00628931	0.863417	0.598978	-0.422378
0.00628931	0.859077	0.572577	-0.410695
0.00628931	0.870924	0.58659	-0.418725
0.00628931	0.838568	0.599928	-0.442057
0.00628931	0.82248	0.63004	-0.441825
0.00623701	0.806349	0.621792	-0.442706
0.00623701	0.815155	0.622284	-0.446351
0.00623701	0.777181	0.622406	-0.44337
0.00623701	0.81164	0.585858	-0.43487
0.00623701	0.831285	0.621866	-0.443314
0.00623701	0.804152	0.625382	-0.447067
0.00618557	0.808795	0.60537	-0.442671
0.00618557	0.77996	0.619067	-0.445507
0.00618557	0.785114	0.643992	-0.441614
0.00618557	0.763037	0.611793	-0.442783
0.00618557	0.789483	0.628553	-0.443779
0.00618557	0.803476	0.601026	-0.44379
0.00618557	0.807359	0.580133	-0.438329
0.00613497	0.788837	0.585799	-0.440038
0.00613497	0.773796	0.596736	-0.442269
0.00613497	0.764158	0.573909	-0.430885
0.00613497	0.768454	0.576701	-0.428088
0.00613497	0.766935	0.594861	-0.440611
0.00613497	0.74616	0.575037	-0.420742
0.00613497	0.744942	0.599553	-0.43416
0.00613497	0.764559	0.581359	-0.433834
0.00613497	0.746528	0.612005	-0.434004
0.00608519	0.762949	0.643057	-0.441043
0.00608519	0.780335	0.628109	-0.443239
0.00608519	0.751373	0.62502	-0.439564
0.00608519	0.758997	0.619718	-0.435338
0.00608519	0.750827	0.620329	-0.435679
0.00608519	0.771367	0.650745	-0.436484
0.00608519	0.769016	0.662235	-0.427915
0.00608519	0.740343	0.631318	-0.431272
0.00608519	0.760613	0.654475	-0.435659
0.00608519	0.764832	0.644439	-0.436606
0.00603622	0.784752	0.652502	-0.43009
0.00603622	0.809709	0.641188	-0.437345
0.00603622	0.778647	0.622492	-0.440708
0.00603622	0.765628	0.641033	-0.435058
0.00603622	0.786239	0.632066	-0.44443
0.00603622	0.797806	0.648478	-0.44132
0.00603622	0.783767	0.639607	-0.441026
0.00603622	0.802852	0.646713	-0.436776
0.00603622	0.831176	0.646866	-0.432181
0.00603622	0.813405	0.676265	-0.418695
0.00603622	0.784243	0.664908	-0.422217
0.00603622	0.764463	0.679743	-0.421658
0.00603622	0.73519	0.675973	-0.418644
0.00598802	0.742964	0.653163	-0.425581
0.00598802	0.763273	0.623118	-0.438568
0.00598802	0.775191	0.625594	-0.440258
0.00598802	0.758637	0.642703	-0.437358
0.00598802	0.758114	0.633244	-0.436515
0.00598802	0.749885	0.602321	-0.436201
0.00598802	0.749767	0.626484	-0.435752
0.00598802	0.734513	0.596304	-0.427351
0.00598802	0.731118	0.591213	-0.423868
0.00598802	0.763216	0.602063	-0.440788
0.00598802	0.78943	0.609075	-0.447917
0.00598802	0.764285	0.613332	-0.443288
0.00594059	0.793662	0.623467	-0.443964
0.00594059	0.776362	0.604627	-0.4436
0.00594059	0.797297	0.591486	-0.439612
0.00594059	0.81712	0.596038	-0.44127
0.00594059	0.786155	0.588468	-0.438725
0.00589391	0.789578	0.599097	-0.443087
0.00589391	0.764791	0.624301	-0.439416
0.00589391	0.779329	0.641492	-0.444361
0.00589391	0.795856	0.650782	-0.432479
0.00589391	0.780832	0.644011	-0.442707
0.00589391	0.794642	0.620614	-0.441848
0.00589391	0.81814	0.626988	-0.442817
0.00589391	0.797755	0.62906	-0.442889
0.00589391	0.786479	0.628549	-0.442158
0.00589391	0.800133	0.614894	-0.447227
0.00589391	0.783587	0.641048	-0.44065
0.00584795	0.807137	0.622855	-0.443976
0.00584795	0.79263	0.621982	-0.443516
0.00584795	0.813106	0.646796	-0.435115
0.00584795	0.802432	0.626052	-0.447261
0.00584795	0.807893	0.615108	-0.44315
0.00584795	0.828788	0.646325	-0.434317
0.00584795	0.816115	0.622306	-0.444093
0.00584795	0.811034	0.630151	-0.446776
0.00584795	0.81901	0.635532	-0.440287
0.00584795	0.814082	0.614505	-0.446667
0.00580271	0.798131	0.644791	-0.438935
0.00580271	0.80942	0.636147	-0.441077
0.00580271	0.786533	0.608558	-0.449173
0.00580271	0.810331	0.611627	-0.446206
0.00580271	0.827067	0.604403	-0.442096
0.00580271	0.810024	0.606174	-0.442962
0.00575816	0.830586	0.606338	-0.441768
0.00575816	0.81274	0.618437	-0.4405
0.00575816	0.815984	0.632	-0.44183
0.00575816	0.814841	0.62611	-0.441484
0.00575816	0.795482	0.644409	-0.439639
0.00575816	0.811076	0.641357	-0.44161
0.00575816	0.790953	0.626515	-0.445624
0.00575816	0.788739	0.628918	-0.445073
0.00575816	0.780346	0.640299	-0.442125
0.00575816	0.765031	0.643032	-0.431834
0.00575816	0.765071	0.659849	-0.431645
0.00575816	0.784003	0.64455	-0.440198
0.00571429	0.808176	0.624961	-0.440485
0.00571429	0.831579	0.602478	-0.43425
0.00571429	0.810049	0.591904	-0.435537
0.00571429	0.813906	0.570634	-0.426931
0.00571429	0.833793	0.586616	-0.431005
0.00571429	0.834755	0.599866	-0.440898
0.00571429	0.847842	0.60728	-0.433385
0.00571429	0.85045	0.60688	-0.433862
0.00571429	0.836883	0.608045	-0.440042
0.00571429	0.81317	0.607792	-0.448133
0.00571429	0.80062	0.604156	-0.439876
0.00571429	0.787726	0.607324	-0.446569
0.00571429	0.814043	0.63092	-0.441828
0.00571429	0.802167	0.632025	-0.439182
0.00567108	0.817708	0.609691	-0.445447
0.00567108	0.810398	0.588032	-0.437384
0.00567108	0.812579	0.616612	-0.448126
0.00567108	0.785961	0.621558	-0.442687
0.00567108	0.806733	0.622756	-0.442364
0.00567108	0.819297	0.615159	-0.443709
0.00567108	0.817289	0.627566	-0.440099
0.00562852	0.82507	0.624983	-0.446722
0.00562852	0.839517	0.597793	-0.443034
0.00562852	0.844108	0.621184	-0.442208
0.00562852	0.823228	0.61616	-0.444422
0.00562852	0.836812	0.621791	-0.443909
0.00558659	0.855987	0.63284	-0.421691
0.00558659	0.845958	0.633284	-0.435566
0.00558659	0.848722	0.613564	-0.440496
0.00558659	0.856924	0.599629	-0.431211
0.00558659	0.834921	0.585717	-0.431072
0.00558659	0.820771	0.593692	-0.44114
0.00558659	0.804996	0.585657	-0.438603
0.00558659	0.81838	0.588654	-0.435696
0.00558659	0.819783	0.60178	-0.4377
0.00558659	0.819186	0.593952	-0.434137
0.00558659	0.807092	0.610059	-0.446988
0.00554529	0.806395	0.634545	-0.443353
0.00554529	0.81849	0.630517	-0.44274
0.00554529	0.824102	0.623942	-0.441052
0.00554529	0.817835	0.623668	-0.44032
0.00554529	0.812629	0.628524	-0.446803
0.00554529	0.8178	0.631634	-0.444433
0.00554529	0.804419	0.619918	-0.442885
0.00554529	0.824102	0.612563	-0.448043
0.00554529	0.815616	0.617633	-0.446677
0.00554529	0.815925	0.62019	-0.436995
0.00554529	0.813308	0.640467	-0.439402
0.00554529	0.807656	0.629884	-0.439635
0.00554529	0.79135	0.623723	-0.443682
0.00554529	0.799621	0.604754	-0.445851
0.00550459	0.779772	0.606936	-0.439211
0.00550459	0.794562	0.602236	-0.446259
0.00550459	0.790131	0.605626	-0.443976
0.00550459	0.791497	0.620595	-0.443015
0.00550459	0.789081	0.622114	-0.443267
0.00550459	0.780653	0.628619	-0.444899
0.00550459	0.774283	0.605354	-0.44113
0.00550459	0.776711	0.630388	-0.441858
0.00550459	0.790157	0.63113	-0.444602
0.00550459	0.794659	0.624328	-0.442678
0.00550459	0.80422	0.640399	-0.443525
0.00550459	0.78557	0.631711	-0.445013
0.00550459	0.812055	0.646537	-0.440201
0.00550459	0.800261	0.668077	-0.430518
0.00546448	0.818399	0.641886	-0.435444
0.00546448	0.845394	0.655287	-0.420021
0.00546448	0.870264	0.637651	-0.421096
0.00546448	0.85254	0.635187	-0.425989
0.00546448	0.838448	0.626229	-0.432311
0.00546448	0.831005	0.598112	-0.439709
0.00546448	0.814959	0.628512	-0.442522
0.00546448	0.828278	0.605972	-0.441305
0.00546448	0.806995	0.619366	-0.447772
0.00546448	0.826599	0.604524	-0.441985
0.00546448	0.815459	0.599303	-0.447025
0.00546448	0.786837	0.611231	-0.44483
0.00546448	0.805656	0.591564	-0.442904
0.00542495	0.773441	0.597266	-0.439216
0.00542495	0.77319	0.616615	-0.445665
0.00542495	0.775069	0.613282	-0.444166
0.00542495	0.807398	0.643161	-0.439168
0.00542495	0.803454	0.612166	-0.44428
0.00542495	0.802459	0.642146	-0.442669
0.00542495	0.80836	0.612765	-0.442454
0.00542495	0.79238	0.62677	-0.443934
0.00542495	0.77102	0.63073	-0.436518
0.00542495	0.764603	0.608391	-0.436208
0.00542495	0.753811	0.618931	-0.43675
0.005386	0.756179	0.595228	-0.433031
0.005386	0.786086	0.600201	-0.441682
0.005386	0.78401	0.621498	-0.445032
0.005386	0.811832	0.590261	-0.436023
0.005386	0.805067	0.592604	-0.442788
0.005386	0.8366	0.600149	-0.441191
0.005386	0.837097	0.604524	-0.435388
0.005386	0.830304	0.631897	-0.440424
0.00534759	0.805097	0.653887	-0.435971
0.00534759	0.793057	0.638481	-0.440466
0.00534759	0.797242	0.638769	-0.441427
0.00534759	0.798954	0.64751	-0.441081
0.00534759	0.804685	0.619545	-0.440947
0.00534759	0.816402	0.652038	-0.436285
0.00534759	0.807848	0.664006	-0.432317
0.00534759	0.831853	0.635907	-0.434924
0.00534759	0.805057	0.604959	-0.439367
0.00534759	0.790882	0.638091	-0.439262
0.00534759	0.81402	0.635973	-0.443694
0.00530973	0.795364	0.613241	-0.444565
0.00530973	0.805077	0.631583	-0.444238
0.00530973	0.784864	0.608201	-0.438257
0.00530973	0.787117	0.604398	-0.444427
0.00530973	0.80762	0.594092	-0.442323
0.00530973	0.799366	0.599903	-0.443888
0.00530973	0.796446	0.630252	-0.44057
0.00530973	0.796756	0.641235	-0.442749
0.00530973	0.818261	0.616288	-0.443809
0.00530973	0.785425	0.642462	-0.436367
0.00530973	0.794365	0.620427	-0.443232
0.00530973	0.792605	0.613315	-0.441715
0.00530973	0.799019	0.615973	-0.44469
0.00527241	0.824115	0.609911	-0.442181
0.00527241	0.823445	0.604851	-0.44287
0.00527241	0.791695	0.626199	-0.446879
0.00527241	0.787982	0.661346	-0.438555
0.00527241	0.8108	0.634995	-0.434141
0.00527241	0.808988	0.661787	-0.433252
0.00527241	0.77523	0.657186	-0.432301
0.00527241	0.777438	0.682164	-0.417241
0.0052356	0.79619	0.688344	-0.417328
0.0052356	0.811146	0.656063	-0.434567
0.0052356	0.84167	0.6737	-0.420466
0.0052356	0.819394	0.661822	-0.428509
0.0052356	0.842723	0.653851	-0.426217
0.0052356	0.816754	0.649121	-0.429245
0.0052356	0.794216	0.62869	-0.441883
0.0052356	0.763947	0.628486	-0.441953
0.0052356	0.800892	0.596468	-0.43703
0.0052356	0.78371	0.61031	-0.438696
0.0052356	0.801211	0.633924	-0.44154
0.0052356	0.827845	0.612451	-0.442241
0.00519931	0.822938	0.610898	-0.443644
0.00519931	0.809645	0.610537	-0.445477
0.00519931	0.773035	0.626167	-0.438003
0.00519931	0.800336	0.623891	-0.445698
0.00519931	0.800186	0.629949	-0.442117
0.00519931	0.835438	0.634913	-0.437446
0.00519931	0.829297	0.601707	-0.442246
0.00519931	0.855027	0.593949	-0.431153
0.00519931	0.841956	0.627652	-0.433463
0.00519931	0.854937	0.609555	-0.4358
0.00519931	0.819002	0.585487	-0.438281
0.00516351	0.791728	0.605811	-0.440476
0.00516351	0.782279	0.604805	-0.438962
0.00516351	0.782013	0.570754	-0.429944
0.00516351	0.748368	0.587621	-0.427354
0.00516351	0.756838	0.605461	-0.438561
0.00516351	0.7774	0.62743	-0.440829
0.00516351	0.788361	0.633495	-0.441462
0.00516351	0.807993	0.597685	-0.439857
0.00516351	0.799238	0.615763	-0.445527
0.00516351	0.789343	0.606152	-0.443598
0.00516351	0.801788	0.608191	-0.445493
0.00516351	0.78021	0.620349	-0.441922
0.00512821	0.809687	0.630081	-0.44182
0.00512821	0.781738	0.650498	-0.433176
0.00512821	0.750198	0.619025	-0.43372
0.00512821	0.746036	0.597601	-0.431546
0.00512821	0.762857	0.604352	-0.43781
0.00512821	0.781687	0.614242	-0.440496
0.00512821	0.796191	0.604105	-0.444336
0.00512821	0.82296	0.609551	-0.442135
0.00512821	0.796839	0.59942	-0.441275
0.00509338	0.783669	0.57939	-0.430848
0.00509338	0.817967	0.607868	-0.443252
0.00509338	0.800345	0.608938	-0.448221
0.00509338	0.806075	0.588697	-0.437775
0.00509338	0.828937	0.600516	-0.438904
0.00509338	0.818107	0.632014	-0.438758
0.00509338	0.783313	0.604919	-0.441573
0.00509338	0.79024	0.610128	-0.446845
0.00509338	0.779216	0.607961	-0.444492
0.00509338	0.768628	0.614821	-0.445007
0.00509338	0.757759	0.607251	-0.43644
0.00505902	0.744398	0.600712	-0.427673
0.00505902	0.738501	0.597798	-0.429844
0.00505902	0.762028	0.580919	-0.428079
0.00505902	0.770194	0.60611	-0.441607
0.00505902	0.772342	0.623223	-0.44676
0.00505902	0.78692	0.615816	-0.44701
0.00505902	0.769752	0.626683	-0.442548
0.00505902	0.749052	0.612704	-0.436398
0.00505902	0.755095	0.601637	-0.43554
0.00505902	0.773549	0.604114	-0.43906
0.00502513	0.806032	0.597251	-0.442338
0.00502513	0.822239	0.620257	-0.445967
0.00502513	0.794885	0.608787	-0.439125
0.00502513	0.771123	0.608378	-0.439265
0.00502513	0.763055	0.638586	-0.436218
0.00502513	0.775067	0.657827	-0.43401
0.00502513	0.763345	0.641959	-0.43204
0.00502513	0.766093	0.645827	-0.439361
0.00502513	0.742962	0.630346	-0.435503
0.00502513	0.749574	0.639109	-0.438059
0.00499168	0.772021	0.655834	-0.435211
0.00499168	0.79739	0.631729	-0.438299
0.00499168	0.826253	0.662275	-0.432921
0.00499168	0.824201	0.625301	-0.440022
0.00499168	0.852689	0.613176	-0.435513
0.00499168	0.856538	0.620536	-0.427806
0.00499168	0.857567	0.614057	-0.429656
0.00499168	0.873401	0.609497	-0.431408
0.00495868	0.839271	0.621084	-0.436432
0.00495868	0.82169	0.587325	-0.436788
0.00495868	0.830165	0.614835	-0.438728
0.00495868	0.82178	0.603582	-0.436749
0.00495868	0.846067	0.599086	-0.434941
0.00495868	0.830102	0.616763	-0.438246
0.00495868	0.807881	0.63212	-0.438186
0.00495868	0.799869	0.606646	-0.445763
0.00495868	0.809184	0.630162	-0.442691
0.00492611	0.79267	0.647395	-0.441424
0.00492611	0.757175	0.641925	-0.434195
0.00492611	0.752446	0.637322	-0.435573
0.00492611	0.765618	0.622998	-0.439025
0.00492611	0.771553	0.614493	-0.443193
0.00492611	0.765832	0.646728	-0.43131
0.00492611	0.758462	0.616115	-0.43838
0.00492611	0.759633	0.632745	-0.432656
0.00492611	0.776741	0.656517	-0.433071
0.00492611	0.796898	0.655136	-0.437176
0.00489396	0.828893	0.640427	-0.439315
0.00489396	0.792561	0.633929	-0.445426
0.00489396	0.768959	0.619265	-0.441516
0.00489396	0.766458	0.617941	-0.441505
0.00489396	0.796119	0.592838	-0.44237
0.00489396	0.774616	0.597185	-0.437848
0.00486224	0.796026	0.628765	-0.447704
0.00486224	0.802136	0.630898	-0.442021
0.00486224	0.79457	0.659952	-0.435122
0.00486224	0.761678	0.654432	-0.432886
0.00486224	0.770003	0.621305	-0.446339
0.00486224	0.789021	0.63406	-0.441321
0.00486224	0.820842	0.601033	-0.441654
0.00486224	0.830214	0.614419	-0.442015
0.00486224	0.800924	0.638661	-0.439234
0.00483092	0.80114	0.654173	-0.438273
0.00483092	0.811318	0.643302	-0.435238
0.00483092	0.805662	0.641069	-0.44386
0.00483092	0.795847	0.608176	-0.444843
0.00483092	0.776453	0.60355	-0.439726
0.00483092	0.776236	0.617035	-0.443625
0.00483092	0.801709	0.611298	-0.444237
0.00483092	0.789329	0.623525	-0.442602
0.00483092	0.796587	0.652352	-0.434306
0.00483092	0.785785	0.63704	-0.441676
0.00483092	0.778375	0.612817	-0.444651
0.00483092	0.780134	0.607186	-0.444366
0.00483092	0.801715	0.634247	-0.442535
0.0048	0.821049	0.612266	-0.43966
0.0048	0.840393	0.587032	-0.429719
0.0048	0.823655	0.622809	-0.442093
0.0048	0.79054	0.594354	-0.441787
0.0048	0.817746	0.609998	-0.446011
0.0048	0.800077	0.619995	-0.446102
0.0048	0.764842	0.58799	-0.431546
0.0048	0.782166	0.576035	-0.4345
0.0048	0.811005	0.581117	-0.432139
0.0048	0.822991	0.581354	-0.432554
0.0048	0.831007	0.595445	-0.433951
0.0048	0.798109	0.627916	-0.439765
0.0048	0.819743	0.594966	-0.440153
0.0048	0.804004	0.605473	-0.439957
0.0048	0.777398	0.592516	-0.435554
0.0048	0.804246	0.595916	-0.446312
0.00476948	0.794687	0.606699	-0.44594
0.00476948	0.7785	0.608578	-0.441738
0.00476948	0.798709	0.618011	-0.445908
0.00476948	0.808064	0.619956	-0.443851
0.00476948	0.791867	0.61791	-0.444406
0.00476948	0.805863	0.598143	-0.444005
0.00476948	0.791222	0.600556	-0.438934
0.00476948	0.760551	0.627034	-0.439828
0.00473934	0.785677	0.651895	-0.436757
0.00473934	0.753661	0.624779	-0.437995
0.00473934	0.792348	0.612366	-0.443018
0.00473934	0.786393	0.626665	-0.444037
0.00473934	0.813536	0.622886	-0.443528
0.00473934	0.815168	0.625392	-0.445075
0.00473934	0.779843	0.617423	-0.444684
0.00473934	0.78187	0.647878	-0.437644
0.00473934	0.811033	0.643933	-0.438613
0.00470958	0.798331	0.613378	-0.444043
0.00470958	0.787021	0.603666	-0.441744
0.00470958	0.755647	0.607158	-0.438709
0.00470958	0.782573	0.5979	-0.44194
0.00470958	0.814798	0.62598	-0.436823
0.00470958	0.834847	0.639497	-0.4358
0.00470958	0.823148	0.605325	-0.440995
0.00470958	0.790447	0.603481	-0.442855
0.00468019	0.789375	0.61919	-0.442163
0.00468019	0.752804	0.598172	-0.438359
0.00468019	0.742611	0.575765	-0.427194
0.00468019	0.769314	0.611647	-0.442318
0.00468019	0.749677	0.631704	-0.439266
0.00468019	0.787272	0.668295	-0.437693
0.00468019	0.768882	0.62937	-0.439859
0.00468019	0.784195	0.640281	-0.442137
0.00468019	0.792538	0.610604	-0.443975
0.00465116	0.773595	0.593438	-0.43596
0.00465116	0.803815	0.627529	-0.446546
0.00465116	0.800149	0.622524	-0.444093
0.00465116	0.795269	0.611369	-0.445975
0.00465116	0.800543	0.602722	-0.445696
0.00465116	0.795353	0.615519	-0.447676
0.0046225	0.829876	0.648397	-0.435612
0.0046225	0.833676	0.630468	-0.437853
0.0046225	0.802309	0.620124	-0.442163
0.0046225	0.784155	0.620773	-0.444195
0.0046225	0.804898	0.628946	-0.440792
0.0046225	0.829275	0.603287	-0.438201
0.0046225	0.804123	0.591252	-0.440232
0.00459418	0.795847	0.611412	-0.44504
0.00459418	0.777599	0.636045	-0.439922
0.00459418	0.786925	0.631049	-0.445451
0.00459418	0.788851	0.62566	-0.444562
0.00459418	0.809709	0.608122	-0.444628
0.00459418	0.800064	0.600599	-0.448512
0.00459418	0.792468	0.588289	-0.441854
0.00459418	0.761158	0.613474	-0.438958
0.00459418	0.792774	0.639786	-0.441177
0.00459418	0.811104	0.655383	-0.435677
0.00459418	0.813309	0.668098	-0.42587
0.00459418	0.797864	0.658938	-0.442027
0.00459418	0.787039	0.637819	-0.445321
0.00456621	0.791913	0.636192	-0.444862
0.00456621	0.762685	0.656155	-0.432022
0.00456621	0.767895	0.627717	-0.439939
0.00456621	0.754644	0.639773	-0.434815
0.00456621	0.756668	0.633623	-0.441478
0.00456621	0.778635	0.644272	-0.434693
0.00456621	0.752954	0.621418	-0.436039
0.00453858	0.74199	0.635473	-0.434015
0.00453858	0.744561	0.633339	-0.431231
0.00453858	0.737284	0.631517	-0.43113
0.00453858	0.760666	0.649766	-0.436174
0.00453858	0.782629	0.644922	-0.434538
0.00453858	0.772161	0.625205	-0.444882
0.00453858	0.790782	0.620219	-0.447869
0.00451128	0.798252	0.628057	-0.445996
0.00451128	0.783825	0.603573	-0.444006
0.00451128	0.770415	0.617672	-0.442117
0.00451128	0.760507	0.629253	-0.438606
0.00451128	0.769098	0.628192	-0.441389
0.00451128	0.751805	0.635065	-0.433547
0.00451128	0.774731	0.646912	-0.435637
0.00451128	0.803572	0.626606	-0.44435
0.00451128	0.778241	0.625815	-0.445068
0.00451128	0.793778	0.631805	-0.440115
0.00451128	0.780411	0.607181	-0.442187
0.0044843	0.789017	0.604807	-0.44405
0.0044843	0.765506	0.620892	-0.442846
0.0044843	0.78246	0.624947	-0.445625
0.0044843	0.807345	0.609467	-0.447101
0.0044843	0.812203	0.615639	-0.445078
0.0044843	0.824801	0.614314	-0.443675
0.0044843	0.815829	0.597061	-0.443196
0.0044843	0.794687	0.613719	-0.448541
0.00445765	0.789068	0.621762	-0.447868
0.00445765	0.81412	0.609259	-0.443992
0.00445765	0.827361	0.627367	-0.440657
0.00445765	0.803238	0.602845	-0.445238
0.00445765	0.792037	0.62482	-0.443916
0.00445765	0.800871	0.601262	-0.444667
0.00445765	0.806273	0.613016	-0.445878
0.00445765	0.796534	0.628261	-0.444804
0.00443131	0.813499	0.605786	-0.442975
0.00443131	0.79024	0.581694	-0.44093
0.00443131	0.801836	0.6	-0.441831
0.00443131	0.805943	0.625468	-0.44219
0.00443131	0.810829	0.618311	-0.441225
0.00443131	0.793548	0.630834	-0.446031
0.00440529	0.773885	0.607485	-0.441293
0.00440529	0.774971	0.618538	-0.443757
0.00440529	0.800418	0.620806	-0.447646
0.00440529	0.819678	0.609545	-0.445382
0.00437956	0.827136	0.600943	-0.443379
0.00437956	0.812261	0.60165	-0.438772
0.00437956	0.813003	0.598775	-0.438418
0.00437956	0.821323	0.604181	-0.446844
0.00437956	0.82537	0.616355	-0.440129
0.00437956	0.84059	0.600637	-0.438849
0.00437956	0.819986	0.609255	-0.444959
0.00437956	0.836827	0.597935	-0.443167
0.00437956	0.818165	0.591588	-0.437856
0.00437956	0.818044	0.586351	-0.435844
0.00437956	0.824482	0.591381	-0.437025
0.00437956	0.815118	0.598245	-0.439705
0.00437956	0.810543	0.606591	-0.444087
0.00437956	0.811469	0.598838	-0.438359
0.00437956	0.803788	0.619483	-0.443257
0.00435414	0.80786	0.616711	-0.450467
0.00435414	0.805703	0.615518	-0.446796
0.00435414	0.800165	0.618627	-0.446178
0.00435414	0.789959	0.631516	-0.443583
0.00435414	0.795684	0.62511	-0.447297
0.00435414	0.777461	0.605302	-0.443144
0.00435414	0.7576	0.629175	-0.437967
0.004329	0.765397	0.613247	-0.438136
0.004329	0.779432	0.635127	-0.444027
0.004329	0.780952	0.653604	-0.437381
0.004329	0.788776	0.657598	-0.434634
0.004329	0.783506	0.634525	-0.442564
0.004329	0.805939	0.632925	-0.443385
0.004329	0.790012	0.61726	-0.444072
0.004329	0.782095	0.607716	-0.440549
0.004329	0.79956	0.612914	-0.439489
0.004329	0.79316	0.627928	-0.442374
0.004329	0.795127	0.613184	-0.445848
0.004329	0.780602	0.608927	-0.438369
0.004329	0.775568	0.622623	-0.441582
0.00430416	0.793958	0.643951	-0.4392
0.00430416	0.813547	0.631842	-0.443236
0.00430416	0.809656	0.624291	-0.447745
0.00430416	0.811287	0.609972	-0.443853
0.00430416	0.804678	0.632198	-0.444649
0.00430416	0.801024	0.634828	-0.441823
0.00430416	0.78861	0.624799	-0.445216
0.00430416	0.792937	0.601056	-0.44216
0.00430416	0.788255	0.613752	-0.444506
0.00430416	0.775762	0.599125	-0.436861
0.0042796	0.791816	0.593334	-0.435518
0.0042796	0.815674	0.590507	-0.434818
0.0042796	0.82671	0.595894	-0.435178
0.0042796	0.808385	0.611304	-0.443112
0.0042796	0.798192	0.603709	-0.444087
0.0042796	0.79587	0.598872	-0.440042
0.0042796	0.816878	0.606488	-0.442532
0.0042796	0.835181	0.620665	-0.440937
0.0042796	0.839186	0.645499	-0.427915
0.0042796	0.860592	0.65281	-0.413675
0.0042796	0.86809	0.639129	-0.424446
0.00425532	0.848106	0.638345	-0.431159
0.00425532	0.833179	0.624139	-0.442256
0.00425532	0.821307	0.627431	-0.442373
0.00425532	0.812946	0.62388	-0.441263
0.00425532	0.801617	0.618974	-0.442611
0.00425532	0.816284	0.61389	-0.444541
0.00425532	0.807879	0.632821	-0.448435
0.00425532	0.823815	0.642813	-0.436693
0.00423131	0.834744	0.634439	-0.439286
0.00423131	0.845357	0.616492	-0.437527
0.00423131	0.859375	0.611109	-0.428814
0.00423131	0.851608	0.63258	-0.427982
0.00423131	0.833279	0.620865	-0.443419
0.00423131	0.818402	0.638756	-0.43936
0.00423131	0.804866	0.631489	-0.441858
0.00423131	0.784594	0.645442	-0.439472
0.00420757	0.802962	0.633778	-0.447132
0.00420757	0.78619	0.623151	-0.438951
0.00420757	0.791074	0.632837	-0.438336
0.00420757	0.78566	0.640081	-0.442593
0.00420757	0.790069	0.625554	-0.442163
0.00420757	0.804276	0.614091	-0.444828
0.00420757	0.792932	0.604011	-0.443493
0.00420757	0.795749	0.591707	-0.442807
0.00420757	0.810479	0.614749	-0.444616
0.00420757	0.81913	0.618508	-0.443312
0.0041841	0.830106	0.607522	-0.442649
0.0041841	0.811154	0.619898	-0.443124
0.0041841	0.795579	0.636933	-0.437695
0.0041841	0.793271	0.653751	-0.437229
0.0041841	0.78624	0.653648	-0.436417
0.0041841	0.792734	0.636643	-0.438824
0.0041841	0.812598	0.626081	-0.443574
0.0041841	0.824064	0.639167	-0.441424
0.0041841	0.833487	0.620297	-0.439149
0.0041841	0.82306	0.608643	-0.446236
0.0041841	0.817668	0.61461	-0.447621
0.00416089	0.815856	0.602215	-0.443684
0.00416089	0.796716	0.590805	-0.437965
0.00416089	0.812641	0.603079	-0.438116
0.00416089	0.800203	0.61202	-0.442532
0.00416089	0.805952	0.588318	-0.439018
0.00416089	0.80102	0.610819	-0.44594
0.00416089	0.780898	0.609761	-0.440937
0.00416089	0.780917	0.611584	-0.439435
0.00416089	0.777553	0.608801	-0.438391
0.00416089	0.764798	0.606879	-0.439834
0.00416089	0.740515	0.631944	-0.43097
0.00413793	0.752957	0.647569	-0.429204
0.00413793	0.774779	0.646597	-0.436334
0.00413793	0.786192	0.638873	-0.43592
0.00413793	0.77816	0.653499	-0.434495
0.00413793	0.766894	0.642712	-0.43754
0.00413793	0.763449	0.645083	-0.430204
0.00413793	0.753521	0.634077	-0.439927
0.00411523	0.773486	0.649285	-0.432448
0.00411523	0.76464	0.648806	-0.4334
0.00411523	0.767809	0.654779	-0.432909
0.00411523	0.780855	0.648152	-0.438602
0.00411523	0.772034	0.651849	-0.435895
0.00411523	0.774982	0.64651	-0.442274
0.00411523	0.757293	0.636767	-0.437651
0.00411523	0.747924	0.641876	-0.434586
0.00409277	0.757972	0.646931	-0.43033
0.00409277	0.74753	0.628995	-0.428921
0.00409277	0.765847	0.63792	-0.437794
0.00409277	0.777151	0.617595	-0.444882
0.00409277	0.794048	0.637177	-0.445075
0.00409277	0.80604	0.62172	-0.443446
0.00409277	0.789726	0.618717	-0.443194
0.00409277	0.801487	0.639761	-0.44189
0.00409277	0.787382	0.642005	-0.44245
0.00409277	0.781106	0.632251	-0.439257
0.00409277	0.770704	0.634931	-0.438331
0.00409277	0.768687	0.62612	-0.440339
0.00409277	0.772541	0.643054	-0.439085
0.00409277	0.755753	0.631327	-0.439147
0.00409277	0.777295	0.63478	-0.442081
0.00407056	0.762661	0.616284	-0.439723
0.00407056	0.786769	0.602945	-0.445742
0.00407056	0.789625	0.619971	-0.443419
0.00407056	0.814172	0.622285	-0.441243
0.00407056	0.804909	0.608376	-0.445503
0.00407056	0.794919	0.631557	-0.445944
0.00407056	0.787714	0.632982	-0.443434
0.00407056	0.810582	0.64491	-0.443159
0.00407056	0.801708	0.638515	-0.443043
0.00404858	0.823142	0.652167	-0.440147
0.00404858	0.82449	0.627444	-0.439442
0.00404858	0.809405	0.627991	-0.440791
0.00404858	0.822256	0.623451	-0.440597
0.00404858	0.811004	0.60556	-0.443549
0.00404858	0.787307	0.614566	-0.444022
0.00404858	0.775782	0.613154	-0.441097
0.00404858	0.775254	0.62155	-0.441627
0.00404858	0.783414	0.599013	-0.441742
0.00404858	0.803485	0.597702	-0.440691
0.00402685	0.807523	0.592354	-0.441469
0.00402685	0.784123	0.615379	-0.445941
0.00402685	0.80918	0.605985	-0.444671
0.00402685	0.796398	0.616362	-0.447353
0.00402685	0.780818	0.595709	-0.437245
0.00402685	0.764018	0.59985	-0.442343
0.00402685	0.785969	0.614042	-0.445733
0.00402685	0.76883	0.597606	-0.439841
0.00400534	0.77117	0.597593	-0.439625
0.00400534	0.782885	0.592533	-0.440724
0.00400534	0.791012	0.614351	-0.444576
0.00400534	0.802405	0.601397	-0.440693
0.00400534	0.825135	0.603063	-0.442421
0.00400534	0.827551	0.613016	-0.440795
0.00400534	0.807636	0.589579	-0.439044
0.00400534	0.824199	0.604739	-0.440355
0.00400534	0.831724	0.58187	-0.431265
0.00400534	0.815839	0.597814	-0.44148
0.00400534	0.792161	0.61735	-0.439455
0.00398406	0.789738	0.616211	-0.440741
0.00398406	0.810603	0.624044	-0.442904
0.00398406	0.805895	0.625239	-0.442539
0.00398406	0.820372	0.637743	-0.440461
0.00398406	0.841617	0.62526	-0.438221
0.00398406	0.830997	0.615842	-0.440003
0.00398406	0.807344	0.608251	-0.442581
0.00398406	0.782698	0.627762	-0.443876
0.00398406	0.800471	0.634201	-0.443568
0.00398406	0.800097	0.654822	-0.435293
0.00398406	0.775174	0.636464	-0.440776
0.00398406	0.799188	0.625153	-0.448505
0.00398406	0.796884	0.621036	-0.446095
0.00396301	0.788058	0.6184	-0.443282
0.00396301	0.787618	0.616183	-0.442727
0.00396301	0.778636	0.608032	-0.440813
0.00396301	0.783	0.633059	-0.442558
0.00396301	0.789353	0.639629	-0.440589
0.00396301	0.811154	0.630587	-0.447171
0.00396301	0.79124	0.603326	-0.44722
0.00396301	0.783726	0.615491	-0.443984
0.00396301	0.782491	0.6153	-0.442511
0.00396301	0.760615	0.637031	-0.438018
0.00396301	0.748307	0.630062	-0.432138
0.00394218	0.773641	0.648352	-0.433127
0.00394218	0.763521	0.66388	-0.426193
0.00394218	0.786217	0.639364	-0.438228
0.00394218	0.784991	0.650609	-0.44444
0.00394218	0.803503	0.636681	-0.444156
0.00394218	0.779461	0.629537	-0.443742
0.00394218	0.761923	0.613437	-0.437385
0.00394218	0.759861	0.622426	-0.437535
0.00394218	0.761944	0.619949	-0.438116
0.00394218	0.748899	0.612234	-0.434453
0.00394218	0.772003	0.618687	-0.440362
0.00394218	0.794786	0.613582	-0.444422
0.00392157	0.775219	0.609011	-0.439222
0.00392157	0.768454	0.622993	-0.438858
0.00392157	0.773238	0.643678	-0.444899
0.00392157	0.795269	0.615994	-0.44518
0.00392157	0.802379	0.626835	-0.450857
0.00390117	0.82027	0.640213	-0.438582
0.00390117	0.813637	0.632052	-0.440815
0.00390117	0.832038	0.631746	-0.435933
0.00390117	0.844081	0.62148	-0.442564
0.00390117	0.820435	0.608634	-0.442202
0.00390117	0.801701	0.624458	-0.444857
0.00388098	0.789992	0.618346	-0.443445
0.00388098	0.804185	0.608498	-0.445249
0.00388098	0.782912	0.629226	-0.444086
0.00388098	0.792527	0.621317	-0.445578
0.00388098	0.78334	0.629874	-0.444431
0.00388098	0.76814	0.626825	-0.442494
0.00388098	0.768319	0.611599	-0.440826
0.00388098	0.783704	0.619496	-0.441759
0.00388098	0.791081	0.611167	-0.444046
0.00388098	0.805263	0.624438	-0.443838
0.00388098	0.804257	0.619373	-0.445273
0.003861	0.793249	0.597841	-0.447082
0.003861	0.789404	0.612326	-0.444704
0.003861	0.788342	0.611756	-0.445272
0.003861	0.786164	0.630999	-0.442498
0.003861	0.794551	0.628961	-0.444721
0.003861	0.772634	0.612925	-0.439721
0.003861	0.783785	0.632364	-0.443093
0.003861	0.779562	0.61027	-0.441628
0.003861	0.789713	0.599785	-0.439707
0.003861	0.810659	0.582673	-0.435054
0.003861	0.801139	0.582866	-0.438267
0.003861	0.79621	0.594742	-0.440238
0.00384123	0.793939	0.600022	-0.437236
0.00384123	0.779275	0.613384	-0.449188
0.00384123	0.770171	0.609788	-0.441554
0.00384123	0.785231	0.603525	-0.444053
0.00384123	0.765894	0.605479	-0.43745
0.00384123	0.766972	0.605919	-0.438631
0.00382166	0.78714	0.605035	-0.444483
0.00382166	0.775931	0.607316	-0.44572
0.00382166	0.78992	0.615238	-0.442954
0.00382166	0.798989	0.614917	-0.4408
0.00382166	0.79864	0.626607	-0.443562
0.00382166	0.792704	0.607306	-0.443331
0.00382166	0.777266	0.610165	-0.439052
0.00382166	0.774518	0.612408	-0.440831
0.00382166	0.764678	0.597486	-0.438818
0.00382166	0.783013	0.606344	-0.443622
0.00382166	0.780329	0.616417	-0.444197
0.00382166	0.7674	0.61387	-0.445831
0.00380228	0.754305	0.614984	-0.436396
0.00380228	0.736939	0.614882	-0.432902
0.00380228	0.73145	0.611647	-0.431597
0.00380228	0.743038	0.607261	-0.432401
0.00380228	0.743845	0.598722	-0.429663
0.00380228	0.762226	0.59493	-0.437053
0.00380228	0.768164	0.609401	-0.437422
0.00380228	0.763173	0.627197	-0.441031
0.00380228	0.775147	0.636433	-0.438477
0.00380228	0.789146	0.631737	-0.443083
0.00380228	0.778544	0.631773	-0.442058
0.00380228	0.798632	0.627655	-0.444067
0.00380228	0.781816	0.633222	-0.447579
0.00380228	0.793744	0.616797	-0.449241
0.0037831	0.785442	0.618278	-0.442967
0.0037831	0.805079	0.603733	-0.443899
0.0037831	0.8036	0.604863	-0.446898
0.0037831	0.787401	0.614555	-0.446899
0.0037831	0.794103	0.622458	-0.444851
0.0037831	0.801021	0.627272	-0.445171
0.0037831	0.803049	0.614692	-0.445163
0.0037831	0.819672	0.611495	-0.445952
0.0037831	0.824827	0.594258	-0.44311
0.0037831	0.808655	0.613426	-0.44283
0.0037831	0.797616	0.609786	-0.446671
0.00376412	0.789581	0.594716	-0.441785
0.00376412	0.7848	0.600973	-0.442178
0.00376412	0.767332	0.606333	-0.440829
0.00376412	0.785682	0.607042	-0.443735
0.00376412	0.790606	0.614411	-0.44395
0.00376412	0.777845	0.59998	-0.439511
0.00376412	0.789552	0.620173	-0.441253
0.00376412	0.776334	0.624403	-0.443914
0.00376412	0.772965	0.627109	-0.441783
