0	0.483236	0.155993
1	-0.15358	0.0416738
2	0.142728	0.0626521
3	0.0331965	0.0229189
4	-0.255071	0.0256152
5	0.116388	0.0761059
6	-0.174667	0.0162216
7	-0.159195	0.020358
8	0.339088	0.029463
9	-0.178919	0.0342493
10	0.0187596	0.0251999
11	-0.00726338	0.0183451
12	0.373383	0.0504738
13	-0.431638	0.0102421
14	-0.419951	0.00983756
15	-0.158423	0.0371833
16	-0.265084	0.0239336
17	-0.0963787	0.0452862
18	-0.033222	0.0228346
19	-0.0673197	0.0618109
20	-0.179422	0.0420101
21	-0.098678	0.0177207
22	-0.0546365	0.019863
23	-0.160759	0.0169177
24	-0.0905633	0.017843
25	-0.229001	0.0290524
26	-0.0254782	0.0163289
27	2.37591	0.120694
28	-0.246601	0.0156585
29	-0.238683	0.0205902
30	-0.113282	0.0181017
31	-0.273004	0.0168546
32	-0.260641	0.0195595
33	-0.291443	0.0142525
34	-0.144893	0.0194511
35	-0.357139	0.014307
36	-0.24595	0.0314487
37	-0.197817	0.0243228
38	0.0285361	0.0186751
39	0.226862	0.0415329
40	-0.118602	0.0447304
41	-0.403137	0.0114335
42	-0.443017	0.00657425
43	-0.229447	0.0346154
44	-0.371452	0.00981288
45	-0.359435	0.00874081
46	-0.350968	0.0102343
47	-0.205398	0.0286023
48	-0.187997	0.0339583
49	-0.0794282	0.0180171
50	-0.160826	0.047074
51	-0.192238	0.0382139
52	-0.216748	0.0142308
53	-0.4417	0.00664697
54	0.0838205	0.0240131
55	-0.299731	0.020286
56	-0.250669	0.0155686
57	-0.331537	0.0217591
58	-0.404393	0.0130014
59	-0.328069	0.0123622
60	-0.379405	0.0161947
61	-0.351668	0.00974634
62	-0.350093	0.0117477
63	-0.278854	0.027324
64	-0.171182	0.0172073
65	-0.103897	0.0411071
66	-0.306902	0.0130518
67	-0.370205	0.0138217
68	-0.32805	0.00984573
69	-0.400356	0.00900785
70	-0.354676	0.0184494
71	-0.358904	0.0109164
72	-0.403375	0.00915459
73	-0.286394	0.013176
74	-0.364994	0.0153418
75	-0.340676	0.0126073
76	-0.341199	0.0223138
77	-0.44632	0.00641699
78	-0.31387	0.0259047
79	-0.360751	0.011651
80	-0.258595	0.0272392
81	-0.273925	0.0147157
82	-0.198733	0.0304166
83	-0.207589	0.01789
84	-0.288097	0.0225513
85	-0.254398	0.0174428
86	-0.269596	0.0154796
87	-0.260918	0.0230282
88	-0.0715976	0.0209577
89	-0.101688	0.0180362
90	-0.297314	0.0147594
91	-0.447733	0.00784609
92	-0.402644	0.00910291
93	-0.393593	0.0116058
94	-0.316784	0.0123554
95	-0.45312	0.00674971
96	-0.224094	0.0324624
97	-0.291866	0.0194439
98	-0.336427	0.0266591
99	-0.434734	0.00806047
100	-0.418909	0.00757176
101	-0.435595	0.00868077
102	-0.439559	0.00950882
103	-0.395488	0.00931431
104	-0.315689	0.0181394
105	-0.357036	0.0121022
106	-0.40502	0.0101101
107	-0.333347	0.0268345
108	-0.442797	0.013257
109	-0.420535	0.00845126
110	-0.410788	0.020369
111	-0.439904	0.00866157
112	-0.339194	0.015626
113	-0.379506	0.0114233
114	-0.393091	0.0178336
115	-0.362872	0.0137794
116	-0.417764	0.00887461
117	-0.348476	0.023277
118	-0.390359	0.00751234
119	-0.429723	0.00729298
120	-0.328671	0.00962668
121	-0.400135	0.010928
122	-0.332448	0.0104847
123	-0.291508	0.0242602
124	-0.245754	0.0136946
125	-0.291717	0.0156366
126	-0.328351	0.0126274
127	-0.345158	0.0196728
128	-0.341173	0.0213007
129	-0.311586	0.0216197
130	-0.378111	0.0170283
131	-0.403919	0.0108305
132	-0.431383	0.0076064
133	-0.409159	0.010687
134	-0.441804	0.00635289
135	-0.432013	0.00762887
136	-0.398184	0.0131241
137	-0.341892	0.0107031
138	-0.441841	0.00650342
139	-0.391612	0.00965629
140	-0.391947	0.0137844
141	-0.416933	0.0105841
142	-0.297549	0.0140726
143	-0.429467	0.00751863
144	-0.448649	0.00696512
145	-0.428089	0.0103666
146	-0.424287	0.0111329
147	-0.412544	0.00661897
148	-0.413558	0.0103751
149	-0.351491	0.00998401
150	-0.329872	0.0111912
151	-0.312587	0.0279026
152	-0.325636	0.0165224
153	-0.329849	0.0275433
154	-0.295473	0.0301991
155	-0.303613	0.0256657
156	-0.300873	0.0205914
157	-0.271893	0.0164427
158	-0.319383	0.0133355
159	-0.299038	0.0282039
160	-0.338657	0.0247982
161	-0.414904	0.00932275
162	-0.441301	0.00755939
163	-0.40852	0.0100722
164	-0.335749	0.016246
165	-0.284208	0.0136911
166	-0.313651	0.0124345
167	-0.338303	0.0234888
168	-0.391102	0.0118834
169	-0.39092	0.0118573
170	-0.431968	0.00697272
171	-0.406733	0.0100814
172	-0.410456	0.0121806
173	-0.438863	0.00745835
174	-0.410916	0.00962551
175	-0.440124	0.00836568
176	-0.425109	0.0138782
177	-0.434433	0.00615647
178	-0.423834	0.00665476
179	-0.442375	0.00876223
180	-0.433924	0.0118544
181	-0.413562	0.0104063
182	-0.434165	0.00771613
183	-0.436491	0.00979947
184	-0.399235	0.010862
185	-0.396371	0.0118051
186	-0.368913	0.0146934
187	-0.418794	0.00782194
188	-0.414507	0.00830653
189	-0.394136	0.0155291
190	-0.435724	0.00666593
191	-0.450211	0.00680987
192	-0.41311	0.00894451
193	-0.384754	0.0126218
194	-0.378343	0.0134006
195	-0.418648	0.0162958
196	-0.412167	0.0118852
197	-0.406613	0.00692359
198	-0.454208	0.00596829
199	-0.448869	0.00607514
200	-0.433172	0.00930782
201	-0.460333	0.00576699
202	-0.404938	0.0118806
203	-0.428825	0.00821384
204	-0.434298	0.0111919
205	-0.428269	0.00782405
206	-0.382208	0.0096361
207	-0.406068	0.00855603
208	-0.420449	0.0112254
209	-0.4114	0.0132781
210	-0.426714	0.00874143
211	-0.394987	0.0134745
212	-0.446471	0.00787623
213	-0.423053	0.00642042
214	-0.44924	0.00540653
215	-0.45269	0.00633297
216	-0.435291	0.0081087
217	-0.448673	0.00559318
218	-0.438142	0.00736365
219	-0.447648	0.00762141
220	-0.433157	0.0078368
221	-0.433898	0.00749385
222	-0.436882	0.00742608
223	-0.426483	0.0111292
224	-0.41524	0.0142057
225	-0.377807	0.0143648
226	-0.368331	0.0224005
227	-0.429273	0.00995381
228	-0.44274	0.00856854
229	-0.423113	0.0110368
230	-0.456622	0.00749937
231	-0.443807	0.00582051
232	-0.398537	0.0106959
233	-0.449599	0.00742168
234	-0.436133	0.00602023
235	-0.434424	0.00751876
236	-0.414363	0.00826057
237	-0.430303	0.00949194
238	-0.413944	0.0122383
239	-0.437895	0.00833083
240	-0.424835	0.00610228
241	-0.405314	0.0132139
242	-0.445776	0.0062241
243	-0.431355	0.0104798
244	-0.436332	0.00927554
245	-0.455526	0.00709413
246	-0.439797	0.00871212
247	-0.443648	0.00687636
248	-0.428585	0.0122832
249	-0.4029	0.00804722
250	-0.422927	0.00649654
251	-0.425949	0.00825839
252	-0.420313	0.00789454
253	-0.431688	0.00725756
254	-0.437083	0.00638362
255	-0.429769	0.00939167
256	-0.435834	0.00766877
257	-0.424554	0.0075204
258	-0.443193	0.00566847
259	-0.445906	0.00871955
260	-0.443237	0.00747794
261	-0.436169	0.00712732
262	-0.438018	0.00864552
263	-0.422272	0.00999438
264	-0.411099	0.00986111
265	-0.440065	0.00701738
266	-0.426292	0.00810584
267	-0.438028	0.00957054
268	-0.435118	0.00785932
269	-0.404761	0.0104337
270	-0.45196	0.00686912
271	-0.442642	0.00825441
272	-0.438586	0.00981821
273	-0.434884	0.00707683
274	-0.410049	0.00813823
275	-0.416593	0.0211021
276	-0.43137	0.011765
277	-0.43404	0.0108965
278	-0.424133	0.0125701
279	-0.439177	0.00734499
280	-0.436542	0.00653376
281	-0.435302	0.0125254
282	-0.439476	0.00811349
283	-0.420053	0.0140999
284	-0.442777	0.00574643
285	-0.443318	0.00648578
286	-0.420301	0.0162664
287	-0.420302	0.0128538
288	-0.42659	0.00761891
289	-0.433121	0.00934338
290	-0.41714	0.00755835
291	-0.439038	0.00780655
292	-0.418801	0.0107234
293	-0.448273	0.0072377
294	-0.429213	0.0163913
295	-0.426052	0.0194455
296	-0.431948	0.00890633
297	-0.426097	0.0111857
298	-0.435897	0.00960146
299	-0.423742	0.0107437
300	-0.393486	0.0108551
301	-0.420581	0.00824421
302	-0.429735	0.00921723
303	-0.420912	0.0145955
304	-0.431366	0.00721861
305	-0.429235	0.0104497
306	-0.430182	0.00788058
307	-0.424602	0.00760742
308	-0.424232	0.0136728
309	-0.438832	0.00685399
310	-0.388722	0.0178209
311	-0.357793	0.0120829
312	-0.351545	0.0125119
313	-0.356459	0.0182824
314	-0.318898	0.0280371
315	-0.423063	0.0114432
316	-0.426242	0.00929919
317	-0.43281	0.00640669
318	-0.442034	0.00819253
319	-0.415349	0.0113203
320	-0.429514	0.00949419
321	-0.422312	0.00740362
322	-0.427777	0.00627349
323	-0.41317	0.00698002
324	-0.431206	0.0062038
325	-0.444604	0.00944698
326	-0.431463	0.00791254
327	-0.454217	0.00754566
328	-0.438376	0.00757401
329	-0.438622	0.0108075
330	-0.441106	0.00874467
331	-0.447718	0.00830466
332	-0.401816	0.0174042
333	-0.441101	0.00822275
334	-0.443314	0.00800339
335	-0.435239	0.00843634
336	-0.4371	0.00865686
337	-0.437363	0.00739617
338	-0.427342	0.00811392
339	-0.435147	0.00785659
340	-0.442835	0.00660976
341	-0.433658	0.00723908
342	-0.399375	0.0124725
343	-0.409309	0.0117861
344	-0.391408	0.0150547
345	-0.428952	0.00874659
346	-0.417802	0.0182682
347	-0.462287	0.00614405
348	-0.427921	0.010545
349	-0.434179	0.00998722
350	-0.42812	0.0116488
351	-0.434151	0.00882521
352	-0.402137	0.0202081
353	-0.437526	0.00743789
354	-0.449182	0.0108667
355	-0.395861	0.0191731
356	-0.442272	0.00753711
357	-0.395774	0.0111814
358	-0.429856	0.00824355
359	-0.42947	0.00645623
360	-0.430051	0.00734632
361	-0.439378	0.00570002
362	-0.41401	0.00943264
363	-0.439053	0.00812598
364	-0.43867	0.00725352
365	-0.441543	0.010454
366	-0.441654	0.00966406
367	-0.396718	0.0169029
368	-0.430638	0.0109126
369	-0.423061	0.00823339
370	-0.440175	0.00796104
371	-0.431924	0.00776204
372	-0.412607	0.0113767
373	-0.440449	0.00925947
374	-0.446887	0.00640039
375	-0.440035	0.00668701
376	-0.400881	0.00967264
377	-0.419682	0.0140916
378	-0.412929	0.0127128
379	-0.430388	0.00869078
380	-0.440926	0.0104745
381	-0.375601	0.0179407
382	-0.426508	0.00839395
383	-0.404263	0.00749592
384	-0.414786	0.0131308
385	-0.409469	0.00695426
386	-0.418402	0.0062325
387	-0.413749	0.00893986
388	-0.452837	0.00514735
389	-0.433603	0.0106721
390	-0.450495	0.00765322
391	-0.401655	0.0091102
392	-0.406725	0.0111582
393	-0.437835	0.00756003
394	-0.435025	0.0108872
395	-0.414363	0.0067734
396	-0.430812	0.00801489
397	-0.43819	0.0084958
398	-0.428168	0.0128808
399	-0.439693	0.00569472
400	-0.44009	0.00557074
401	-0.423396	0.00631399
402	-0.441948	0.00579954
403	-0.446378	0.00700947
404	-0.41913	0.00687557
405	-0.455225	0.00692748
406	-0.415116	0.00684488
407	-0.376725	0.0131061
408	-0.428892	0.00668002
409	-0.436617	0.00699234
410	-0.420667	0.00723712
411	-0.432415	0.00770014
412	-0.386892	0.00826227
413	-0.371844	0.00884001
414	-0.338911	0.00925158
415	-0.405777	0.00760015
416	-0.394819	0.00813759
417	-0.439482	0.00707244
418	-0.458732	0.00641944
419	-0.438816	0.00713453
420	-0.445729	0.0085565
421	-0.447034	0.00615297
422	-0.426651	0.0121029
423	-0.439519	0.00951916
424	-0.435264	0.0125971
425	-0.436945	0.00900731
426	-0.421239	0.00859233
427	-0.41515	0.0188301
428	-0.419696	0.0133396
429	-0.438066	0.00778564
430	-0.445724	0.00853014
431	-0.401853	0.0219096
432	-0.409894	0.00925692
433	-0.436444	0.0105804
434	-0.407853	0.0115788
435	-0.417237	0.0074625
436	-0.428281	0.0065445
437	-0.441113	0.00764791
438	-0.447752	0.00560325
439	-0.435519	0.00697209
440	-0.435066	0.00800261
441	-0.40839	0.00720817
442	-0.446337	0.00818239
443	-0.439325	0.00852832
444	-0.443288	0.00943138
445	-0.422269	0.00707452
446	-0.42831	0.00697294
447	-0.422954	0.00739271
448	-0.40489	0.00940707
449	-0.36731	0.0123909
450	-0.430231	0.00688506
451	-0.440192	0.0115281
452	-0.444375	0.00631605
453	-0.440835	0.00726457
454	-0.437999	0.00748341
455	-0.42078	0.00729903
456	-0.419323	0.0101263
457	-0.443697	0.00807441
458	-0.433233	0.0138027
459	-0.421947	0.00956407
460	-0.451358	0.00708239
461	-0.431876	0.0107216
462	-0.408212	0.00694574
463	-0.426513	0.00845129
464	-0.418343	0.00884814
465	-0.429525	0.00741308
466	-0.457256	0.00551367
467	-0.423943	0.00854277
468	-0.42595	0.00704949
469	-0.420488	0.00740479
470	-0.416903	0.0106915
471	-0.434936	0.00879032
472	-0.432304	0.0107583
473	-0.447029	0.00720022
474	-0.432236	0.00649829
475	-0.418039	0.0142243
476	-0.428389	0.0106995
477	-0.454967	0.00794152
478	-0.441153	0.00975733
479	-0.447911	0.00721025
480	-0.408405	0.00789277
481	-0.433512	0.00881152
482	-0.434123	0.0123183
483	-0.450287	0.00566154
484	-0.443362	0.00923988
485	-0.43446	0.00778539
486	-0.413149	0.00942784
487	-0.395144	0.00971765
488	-0.428893	0.0116415
489	-0.421495	0.0181545
490	-0.442622	0.00817255
491	-0.449807	0.0083139
492	-0.427261	0.00673818
493	-0.438132	0.0101817
494	-0.439212	0.00800961
495	-0.441596	0.00972177
496	-0.419688	0.00909864
497	-0.427107	0.0100576
498	-0.422974	0.0101527
499	-0.4383	0.00825301
500	-0.424773	0.007968
501	-0.444765	0.00769105
502	-0.444749	0.00683547
503	-0.436471	0.0101261
504	-0.441266	0.00739275
505	-0.442477	0.0083954
506	-0.451983	0.00651124
507	-0.451096	0.00683599
508	-0.440305	0.00802126
509	-0.429836	0.0121428
510	-0.436978	0.00740546
511	-0.439768	0.00815052
512	-0.435973	0.00711143
513	-0.431179	0.00755733
514	-0.42531	0.00786526
515	-0.416782	0.00781402
516	-0.411062	0.00697009
517	-0.403645	0.00786791
518	-0.436083	0.00709007
519	-0.441415	0.00667488
520	-0.428069	0.0103452
521	-0.406134	0.00834786
522	-0.433516	0.00920552
523	-0.406159	0.0096382
524	-0.418864	0.0102705
525	-0.454723	0.00603191
526	-0.427824	0.00766543
527	-0.450525	0.00641308
528	-0.447165	0.00777451
529	-0.431831	0.00786209
530	-0.449152	0.00545524
531	-0.426163	0.00869343
532	-0.402	0.0162367
533	-0.398238	0.0178995
534	-0.399925	0.0217233
535	-0.439634	0.00717812
536	-0.433396	0.0067503
537	-0.429546	0.00564974
538	-0.434021	0.00742248
539	-0.419135	0.00623925
540	-0.437669	0.00952756
541	-0.42691	0.00862537
542	-0.44028	0.00855144
543	-0.414338	0.0102798
544	-0.418925	0.00790601
545	-0.430228	0.00994108
546	-0.408361	0.016639
547	-0.434203	0.00940967
548	-0.440144	0.00997466
549	-0.448809	0.0076634
550	-0.429465	0.00564379
551	-0.414019	0.00851644
552	-0.443401	0.00854215
553	-0.435695	0.0077843
554	-0.445853	0.00583012
555	-0.408593	0.0130616
556	-0.441734	0.00768619
557	-0.448423	0.00802838
558	-0.440278	0.00712608
559	-0.43008	0.00870185
560	-0.436177	0.00664846
561	-0.436293	0.00806472
562	-0.424915	0.00841686
563	-0.434445	0.00763741
564	-0.441456	0.00677708
565	-0.437422	0.00687481
566	-0.432634	0.00740664
567	-0.427758	0.00717753
568	-0.428282	0.00708931
569	-0.436941	0.00739493
570	-0.447266	0.0075493
571	-0.442764	0.0078836
572	-0.427321	0.00905298
573	-0.42883	0.00717593
574	-0.439539	0.00736693
575	-0.456166	0.00626293
576	-0.452008	0.00606086
577	-0.435982	0.00801798
578	-0.444135	0.00581344
579	-0.398203	0.0150609
580	-0.430457	0.00530384
581	-0.433777	0.00607947
582	-0.438661	0.00924935
583	-0.417182	0.0070469
584	-0.429647	0.00671938
585	-0.439607	0.00737841
586	-0.443789	0.00842861
587	-0.447112	0.00786173
588	-0.419515	0.0110392
589	-0.428542	0.00759731
590	-0.440674	0.00902171
591	-0.413719	0.00719149
592	-0.43681	0.00730436
593	-0.425699	0.00639585
594	-0.404052	0.00910421
595	-0.423118	0.0114959
596	-0.442757	0.00707645
597	-0.441644	0.00796007
598	-0.433075	0.00965541
599	-0.439556	0.00833864
600	-0.445062	0.00638987
601	-0.425911	0.011144
602	-0.433309	0.0082425
603	-0.395923	0.0112168
604	-0.424827	0.0100045
605	-0.413394	0.00820001
606	-0.458232	0.00593218
607	-0.440678	0.00784915
608	-0.444866	0.00624431
609	-0.452825	0.00655442
610	-0.441538	0.00642103
611	-0.424001	0.00987931
612	-0.442842	0.00771984
613	-0.422206	0.0100183
614	-0.453667	0.0111696
615	-0.430744	0.0133459
616	-0.431665	0.0066532
617	-0.4483	0.00731576
618	-0.427756	0.0112753
619	-0.441466	0.00899901
620	-0.426378	0.00941676
621	-0.434724	0.0107671
622	-0.415877	0.00943269
623	-0.418067	0.00961202
624	-0.444063	0.00639338
625	-0.435977	0.00935882
626	-0.443405	0.00864712
627	-0.444288	0.00621838
628	-0.446673	0.00556159
629	-0.44241	0.00657001
630	-0.439071	0.00813036
631	-0.427716	0.00761426
632	-0.431167	0.008958
633	-0.406443	0.00836121
634	-0.445167	0.00648138
635	-0.429233	0.0101955
636	-0.418353	0.0157644
637	-0.426018	0.0115965
638	-0.406853	0.0190322
639	-0.450667	0.00645732
640	-0.439227	0.00863774
641	-0.429612	0.0102929
642	-0.442623	0.0086739
643	-0.446903	0.00702933
644	-0.43528	0.00762694
645	-0.435667	0.0128114
646	-0.423925	0.00689444
647	-0.440964	0.00736394
648	-0.433215	0.00587814
649	-0.448783	0.00671498
650	-0.445381	0.00619813
651	-0.451148	0.00727932
652	-0.418177	0.0105293
653	-0.431224	0.00719931
654	-0.435685	0.00717581
655	-0.437167	0.00701979
656	-0.434856	0.00766494
657	-0.437783	0.00872696
658	-0.435637	0.00780971
659	-0.424085	0.0107549
660	-0.425557	0.00928299
661	-0.442691	0.00682434
662	-0.434315	0.00883303
663	-0.428917	0.00698707
664	-0.424289	0.00837667
665	-0.390626	0.0138799
666	-0.403541	0.0110733
667	-0.401373	0.00883506
668	-0.432919	0.00712384
669	-0.434769	0.0106757
670	-0.433982	0.00784663
671	-0.438662	0.00672764
672	-0.43207	0.00608959
673	-0.435283	0.00768445
674	-0.441229	0.0078944
675	-0.426646	0.0087269
676	-0.444055	0.00713003
677	-0.441797	0.00684844
678	-0.41813	0.00666233
679	-0.429929	0.00677949
680	-0.450676	0.00611469
681	-0.417283	0.0105189
682	-0.412138	0.0103033
683	-0.408483	0.0167832
684	-0.453479	0.00782787
685	-0.431355	0.00801025
686	-0.445278	0.00727105
687	-0.445438	0.00554226
688	-0.442581	0.00716412
689	-0.434779	0.00864482
690	-0.437951	0.00778848
691	-0.415744	0.0128714
692	-0.440293	0.00982899
693	-0.43164	0.00805754
694	-0.444274	0.00618334
695	-0.416855	0.00893386
696	-0.44483	0.00796189
697	-0.440831	0.00651335
698	-0.442872	0.0061884
699	-0.445617	0.0104747
700	-0.422028	0.0269353
701	-0.420025	0.0127797
702	-0.442434	0.00770817
703	-0.439451	0.00763649
704	-0.429611	0.00805487
705	-0.430472	0.00796317
706	-0.433727	0.00836021
707	-0.453665	0.00675159
708	-0.432299	0.00885549
709	-0.450074	0.00809179
710	-0.438245	0.00851178
711	-0.423439	0.0152863
712	-0.437915	0.00957831
713	-0.422547	0.0142085
714	-0.451134	0.00567122
715	-0.431937	0.00763141
716	-0.441027	0.00649605
717	-0.431705	0.00818433
718	-0.43219	0.00869471
719	-0.424061	0.0139208
720	-0.446707	0.00779732
721	-0.438709	0.00663737
722	-0.454233	0.00580101
723	-0.422591	0.0107656
724	-0.452899	0.00833671
725	-0.455162	0.00641821
726	-0.455795	0.00759079
727	-0.433766	0.00554045
728	-0.415334	0.0103515
729	-0.44311	0.00837444
730	-0.422454	0.0074816
731	-0.433393	0.00747106
732	-0.445655	0.00756192
733	-0.412294	0.0109668
734	-0.432979	0.0102577
735	-0.447752	0.00631471
736	-0.442835	0.00679084
737	-0.425541	0.0132384
738	-0.450454	0.00644332
739	-0.440869	0.00778452
740	-0.43507	0.0106518
741	-0.452341	0.00703152
742	-0.438259	0.00798179
743	-0.450689	0.00631417
744	-0.445478	0.00771807
745	-0.447943	0.00714521
746	-0.45056	0.00696423
747	-0.429652	0.00620188
748	-0.423839	0.00930985
749	-0.430117	0.00944955
750	-0.406792	0.00874001
751	-0.37654	0.0120688
752	-0.40514	0.0117283
753	-0.414406	0.00941994
754	-0.420607	0.0105
755	-0.44618	0.00749057
756	-0.39958	0.0126647
757	-0.423366	0.00984696
758	-0.423391	0.0107305
759	-0.393229	0.0212511
760	-0.407796	0.0120218
761	-0.419943	0.0121754
762	-0.432796	0.0132524
763	-0.435493	0.00803222
764	-0.410763	0.00844401
765	-0.449601	0.0100854
766	-0.436267	0.0111955
767	-0.438937	0.0064714
768	-0.440713	0.00660374
769	-0.424793	0.00951899
770	-0.447488	0.00692856
771	-0.425162	0.0135222
772	-0.441456	0.00657213
773	-0.429409	0.00770946
774	-0.436224	0.00654617
775	-0.427044	0.00776014
776	-0.440921	0.00970583
777	-0.439002	0.00671174
778	-0.432558	0.0118103
779	-0.438128	0.00609581
780	-0.441954	0.00879601
781	-0.436736	0.0079536
782	-0.43543	0.00721857
783	-0.446184	0.00596787
784	-0.449171	0.00548166
785	-0.437964	0.00788006
786	-0.446923	0.00786523
787	-0.441096	0.00609516
788	-0.433323	0.00683732
789	-0.431132	0.00627674
790	-0.441917	0.00613798
791	-0.438543	0.00629099
792	-0.429706	0.00615892
793	-0.443245	0.00641345
794	-0.442188	0.00618954
795	-0.457551	0.00624302
796	-0.436264	0.00632163
797	-0.453674	0.00653931
798	-0.42511	0.00710401
799	-0.434265	0.00820365
800	-0.427528	0.00818238
801	-0.452095	0.00653227
802	-0.449251	0.00678573
803	-0.40403	0.0180571
804	-0.427268	0.00883113
805	-0.445326	0.00788923
806	-0.44641	0.0061593
807	-0.437305	0.00668489
808	-0.44276	0.00955133
809	-0.446952	0.00574
810	-0.445178	0.00577004
811	-0.445478	0.0062959
812	-0.439926	0.00846458
813	-0.444428	0.00644714
814	-0.43592	0.00927959
815	-0.427613	0.00781589
816	-0.436048	0.00808397
817	-0.456739	0.0103755
818	-0.452237	0.00824046
819	-0.445529	0.00766915
820	-0.424993	0.0157874
821	-0.441191	0.0116687
822	-0.40697	0.0168582
823	-0.451969	0.00693033
824	-0.44298	0.00704745
825	-0.43945	0.00764234
826	-0.434647	0.00618558
827	-0.441504	0.00771028
828	-0.443643	0.00664986
829	-0.443328	0.00920683
830	-0.438925	0.00784367
831	-0.445568	0.00866586
832	-0.448658	0.00680755
833	-0.443238	0.00780354
834	-0.43709	0.00746251
835	-0.441292	0.00933882
836	-0.452194	0.00773671
837	-0.440175	0.00722996
838	-0.440083	0.00606669
839	-0.440931	0.00661054
840	-0.445307	0.00673595
841	-0.425798	0.00678356
842	-0.453505	0.00673704
843	-0.44796	0.00772432
844	-0.447774	0.00727788
845	-0.449109	0.00831405
846	-0.435005	0.00623003
847	-0.45319	0.00525594
848	-0.418275	0.0135972
849	-0.448039	0.007459
850	-0.417223	0.00957492
851	-0.425705	0.00693025
852	-0.419964	0.00698864
853	-0.451691	0.00774046
854	-0.435902	0.0056726
855	-0.42916	0.00662737
856	-0.454136	0.00601827
857	-0.430678	0.0071849
858	-0.419178	0.00690528
859	-0.438256	0.00566714
860	-0.440484	0.00978927
861	-0.432351	0.0109578
862	-0.413929	0.00833057
863	-0.435637	0.00638941
864	-0.430952	0.00653745
865	-0.435025	0.00866371
866	-0.427753	0.00753442
867	-0.447335	0.006474
868	-0.450744	0.00643959
869	-0.424251	0.00734008
870	-0.447328	0.00647212
871	-0.451402	0.0062073
872	-0.432624	0.00752155
873	-0.444835	0.00782945
874	-0.428796	0.010235
875	-0.434466	0.00975028
876	-0.414017	0.0112318
877	-0.435755	0.00994598
878	-0.440251	0.00717057
879	-0.439142	0.00876169
880	-0.436466	0.0107113
881	-0.436633	0.00648118
882	-0.446041	0.0076657
883	-0.445341	0.00861254
884	-0.445011	0.00622229
885	-0.4374	0.00917369
886	-0.434668	0.0065185
887	-0.433359	0.00762928
888	-0.446872	0.00666325
889	-0.461258	0.00543999
890	-0.433459	0.00656362
891	-0.417488	0.00939219
892	-0.426965	0.00819978
893	-0.441194	0.00738485
894	-0.407457	0.0108837
895	-0.411968	0.0114027
896	-0.349843	0.0346036
897	-0.434801	0.00804002
898	-0.456457	0.00589269
899	-0.454963	0.00824941
900	-0.44569	0.00780363
901	-0.43361	0.00816441
902	-0.453545	0.00535705
903	-0.431836	0.00587338
904	-0.427903	0.00752349
905	-0.443117	0.00741674
906	-0.442075	0.00732637
907	-0.433728	0.00717696
908	-0.438144	0.00707387
909	-0.433194	0.0136658
910	-0.442389	0.0083901
911	-0.430015	0.010261
912	-0.427131	0.0104547
913	-0.440477	0.0084042
914	-0.438471	0.00892134
915	-0.431072	0.00831882
916	-0.444052	0.00808063
917	-0.426241	0.0056576
918	-0.435401	0.00941773
919	-0.426674	0.00914812
920	-0.419593	0.00892538
921	-0.456681	0.00664191
922	-0.432197	0.0101406
923	-0.434706	0.0092362
924	-0.444652	0.00639356
925	-0.443537	0.00866215
926	-0.457748	0.00745847
927	-0.438562	0.0102299
928	-0.435222	0.00768936
929	-0.455246	0.00627934
930	-0.444439	0.00537734
931	-0.446123	0.00729121
932	-0.446122	0.00854533
933	-0.442066	0.0108733
934	-0.437323	0.00749286
935	-0.426802	0.00920048
936	-0.42774	0.0107064
937	-0.437054	0.00870185
938	-0.43975	0.00738406
939	-0.442108	0.0070976
940	-0.445342	0.00724622
941	-0.427778	0.00851196
942	-0.445983	0.00637016
943	-0.43427	0.00609688
944	-0.446331	0.006545
945	-0.434194	0.0094259
946	-0.437975	0.00666493
947	-0.435926	0.00919692
948	-0.457542	0.0076696
949	-0.435387	0.00977665
950	-0.447792	0.00759781
951	-0.445533	0.00765534
952	-0.441018	0.00760347
953	-0.439994	0.00651447
954	-0.415403	0.00970174
955	-0.436006	0.00850129
956	-0.422364	0.00918012
957	-0.41696	0.00844604
958	-0.441494	0.00908444
959	-0.443446	0.00734094
960	-0.431269	0.00869807
961	-0.441633	0.00636719
962	-0.447114	0.00569642
963	-0.442178	0.00625033
964	-0.443452	0.00958754
965	-0.418565	0.0128362
966	-0.428335	0.00850967
967	-0.447209	0.00720534
968	-0.456224	0.00661723
969	-0.441165	0.00788517
970	-0.429944	0.0118709
971	-0.450541	0.0060408
972	-0.440674	0.00551405
973	-0.440912	0.00660869
974	-0.435423	0.00852341
975	-0.451915	0.00634888
976	-0.451872	0.00792511
977	-0.448615	0.00763624
978	-0.435187	0.00927023
979	-0.426126	0.0105402
980	-0.440671	0.00774757
981	-0.43491	0.00673368
982	-0.442109	0.00689847
983	-0.411314	0.00763122
984	-0.414714	0.00750106
985	-0.42267	0.00888361
986	-0.427144	0.00751124
987	-0.439132	0.0063754
988	-0.437525	0.0083278
989	-0.433908	0.00824587
990	-0.440113	0.00901305
991	-0.432144	0.0116069
992	-0.44264	0.008806
993	-0.438915	0.0142494
994	-0.448115	0.00766376
995	-0.450451	0.00699221
996	-0.448086	0.00774885
997	-0.447024	0.00669334
998	-0.435079	0.00752546
999	-0.431921	0.00910146
1000	-0.445279	0.00809551
1001	-0.441888	0.009649
1002	-0.44706	0.00680746
1003	-0.425903	0.00601937
1004	-0.435401	0.00733579
1005	-0.435329	0.00797255
1006	-0.444558	0.00535256
1007	-0.427788	0.0120174
1008	-0.441488	0.00688165
1009	-0.430739	0.00725641
1010	-0.448644	0.00564402
1011	-0.436013	0.00682006
1012	-0.438178	0.00845451
1013	-0.434184	0.00853792
1014	-0.426373	0.0128057
1015	-0.433208	0.00832553
1016	-0.4592	0.00663707
1017	-0.432099	0.00795309
1018	-0.433365	0.0074944
1019	-0.443598	0.005972
1020	-0.460226	0.00600516
1021	-0.436174	0.00823223
1022	-0.418629	0.0104249
1023	-0.444379	0.00880809
1024	-0.452469	0.00652573
1025	-0.444631	0.00663587
1026	-0.449043	0.00684006
1027	-0.444478	0.00752213
1028	-0.43201	0.0110173
1029	-0.454995	0.00624515
1030	-0.448966	0.0111174
1031	-0.434784	0.00986626
1032	-0.448974	0.00651188
1033	-0.437814	0.0105117
1034	-0.438529	0.0064542
1035	-0.433541	0.007739
1036	-0.433625	0.00889625
1037	-0.4588	0.0063864
1038	-0.443008	0.00788808
1039	-0.441938	0.0088023
1040	-0.416362	0.0093109
1041	-0.401346	0.0121905
1042	-0.433124	0.00750741
1043	-0.439627	0.00979171
1044	-0.455768	0.00627119
1045	-0.442629	0.0108187
1046	-0.447766	0.00619435
1047	-0.430439	0.00869505
1048	-0.449369	0.00791134
1049	-0.452289	0.00645622
1050	-0.445603	0.00746612
1051	-0.440879	0.00710566
1052	-0.445461	0.00718496
1053	-0.442797	0.00783058
1054	-0.461582	0.00504828
1055	-0.442908	0.0062785
1056	-0.422248	0.00832248
1057	-0.430416	0.00778979
1058	-0.445877	0.00774349
1059	-0.437007	0.0087245
1060	-0.418582	0.00921508
1061	-0.431864	0.00717329
1062	-0.430563	0.00777322
1063	-0.426589	0.00633058
1064	-0.425364	0.00798258
1065	-0.436918	0.00629111
1066	-0.440098	0.00769092
1067	-0.438023	0.00736557
1068	-0.4307	0.006666
1069	-0.44436	0.00545599
1070	-0.440576	0.00664556
1071	-0.432591	0.00843271
1072	-0.414322	0.0174502
1073	-0.440162	0.00623036
1074	-0.453489	0.00725694
1075	-0.429245	0.0110309
1076	-0.428803	0.0101124
1077	-0.436112	0.0108276
1078	-0.428941	0.00957555
1079	-0.42817	0.00970903
1080	-0.455782	0.00707948
1081	-0.414916	0.0119697
1082	-0.450227	0.00660641
1083	-0.441451	0.00820583
1084	-0.460264	0.00704721
1085	-0.418877	0.0152994
1086	-0.443659	0.00732729
1087	-0.408486	0.0140157
1088	-0.400588	0.0114461
1089	-0.445244	0.00699
1090	-0.426479	0.00781988
1091	-0.450919	0.00662799
1092	-0.427746	0.00693707
1093	-0.421399	0.00808028
1094	-0.436259	0.00711873
1095	-0.42571	0.00722999
1096	-0.42317	0.00711968
1097	-0.413561	0.00825415
1098	-0.431234	0.0070962
1099	-0.434102	0.00618326
1100	-0.43223	0.00983605
1101	-0.447186	0.00626967
1102	-0.457731	0.00663909
1103	-0.434619	0.00734112
1104	-0.440127	0.0070949
1105	-0.416999	0.00817982
1106	-0.440818	0.00691171
1107	-0.437968	0.00842719
1108	-0.450979	0.00597921
1109	-0.423183	0.0121893
1110	-0.436027	0.00870017
1111	-0.4511	0.00660817
1112	-0.447339	0.0120649
1113	-0.446087	0.00738889
1114	-0.459457	0.00569866
1115	-0.445076	0.00656664
1116	-0.445416	0.00714062
1117	-0.448614	0.00653505
1118	-0.448727	0.00718359
1119	-0.424574	0.0127935
1120	-0.457796	0.00638148
1121	-0.456137	0.00649368
1122	-0.443559	0.00820441
1123	-0.452289	0.00596043
1124	-0.44103	0.00680585
1125	-0.436447	0.00866371
1126	-0.455969	0.00634248
1127	-0.453764	0.00560922
1128	-0.434572	0.010225
1129	-0.450251	0.00705344
1130	-0.451344	0.00797609
1131	-0.434176	0.0103415
1132	-0.446676	0.0103296
1133	-0.41489	0.0129719
1134	-0.453683	0.00611735
1135	-0.419209	0.00988619
1136	-0.439047	0.00965564
1137	-0.440723	0.0102671
1138	-0.45797	0.00618001
1139	-0.448526	0.00653347
1140	-0.437916	0.00953806
1141	-0.461332	0.00634042
1142	-0.436642	0.00701934
1143	-0.43991	0.00715758
1144	-0.44755	0.00582859
1145	-0.449525	0.00729362
1146	-0.443757	0.00657093
1147	-0.441684	0.00815452
1148	-0.419092	0.00896777
1149	-0.426752	0.00811696
1150	-0.4376	0.010226
1151	-0.419468	0.00871212
1152	-0.433658	0.00915355
1153	-0.434961	0.00881802
1154	-0.441398	0.00883421
1155	-0.448278	0.00641195
1156	-0.43841	0.00843782
1157	-0.458444	0.0090421
1158	-0.44497	0.00665079
1159	-0.447143	0.00845077
1160	-0.439277	0.0070483
1161	-0.447372	0.008471
1162	-0.449394	0.00606991
1163	-0.44483	0.00961481
1164	-0.44659	0.00575076
1165	-0.438933	0.00881558
1166	-0.428739	0.00911574
1167	-0.431165	0.0086269
1168	-0.442553	0.00684325
1169	-0.448016	0.0101025
1170	-0.433219	0.0121439
1171	-0.435505	0.00821505
1172	-0.441635	0.0106641
1173	-0.438849	0.0079305
1174	-0.440246	0.00694023
1175	-0.447643	0.00887942
1176	-0.443932	0.00781947
1177	-0.442206	0.00786956
1178	-0.436035	0.00847273
1179	-0.439889	0.00790969
1180	-0.438293	0.0065066
1181	-0.450476	0.00587057
1182	-0.447155	0.00675691
1183	-0.424619	0.0200264
1184	-0.438577	0.0067697
1185	-0.43227	0.00881313
1186	-0.446357	0.00947486
1187	-0.446091	0.00809982
1188	-0.442077	0.00793109
1189	-0.428653	0.00711185
1190	-0.445166	0.00735502
1191	-0.438804	0.00740664
1192	-0.435154	0.00983503
1193	-0.44076	0.0091255
1194	-0.447398	0.00678379
1195	-0.432057	0.00802788
1196	-0.453825	0.00522479
1197	-0.442791	0.00674696
1198	-0.44304	0.00883358
1199	-0.446088	0.00663345
1200	-0.438815	0.00748725
1201	-0.441546	0.00643175
1202	-0.441985	0.00722154
1203	-0.432575	0.0110065
1204	-0.445973	0.00797335
1205	-0.444113	0.00936957
1206	-0.402129	0.0217183
1207	-0.444577	0.0095441
1208	-0.4387	0.00978902
1209	-0.419396	0.0113094
1210	-0.446982	0.00690387
1211	-0.41396	0.0133958
1212	-0.423426	0.00992917
1213	-0.411056	0.0136949
1214	-0.43514	0.00792465
1215	-0.448502	0.00675347
1216	-0.430674	0.0087073
1217	-0.444791	0.00759636
1218	-0.444171	0.00650125
1219	-0.432938	0.00899841
1220	-0.444601	0.0073633
1221	-0.453039	0.00593258
1222	-0.446803	0.00834595
1223	-0.437616	0.00697635
1224	-0.456288	0.00623481
1225	-0.444193	0.00580775
1226	-0.454627	0.00818209
1227	-0.450812	0.00504126
1228	-0.427232	0.010865
1229	-0.442516	0.00631895
1230	-0.443612	0.00781546
1231	-0.443291	0.00682892
1232	-0.429605	0.00819387
1233	-0.447683	0.00591847
1234	-0.423487	0.00755982
1235	-0.443969	0.00743822
1236	-0.44379	0.00773541
1237	-0.440101	0.00775811
1238	-0.426968	0.008972
1239	-0.433126	0.0102183
1240	-0.446201	0.0062646
1241	-0.447879	0.00746258
1242	-0.444996	0.016828
1243	-0.432615	0.0193279
1244	-0.44735	0.00926528
1245	-0.416093	0.0105064
1246	-0.44786	0.00700229
1247	-0.436693	0.0100137
1248	-0.412116	0.0218836
1249	-0.429626	0.0108326
1250	-0.438346	0.00665782
1251	-0.444928	0.00712079
1252	-0.443289	0.0103
1253	-0.451442	0.00591387
1254	-0.452063	0.00612222
1255	-0.441626	0.00739987
1256	-0.441696	0.00643811
1257	-0.416682	0.00782539
1258	-0.43388	0.0094608
1259	-0.4589	0.00573742
1260	-0.431402	0.00999655
1261	-0.443507	0.00633847
1262	-0.443521	0.00723232
1263	-0.445012	0.00816526
1264	-0.453475	0.0061288
1265	-0.43616	0.00803358
1266	-0.442515	0.0108155
1267	-0.440509	0.007302
1268	-0.448181	0.00535772
1269	-0.421282	0.00924258
1270	-0.428165	0.00803018
1271	-0.436749	0.00965546
1272	-0.41995	0.0107288
1273	-0.417901	0.0119213
1274	-0.404072	0.0139412
1275	-0.445277	0.00968471
1276	-0.399947	0.0216885
1277	-0.450488	0.0109813
1278	-0.434261	0.0111083
1279	-0.435304	0.00883117
1280	-0.453024	0.00535393
1281	-0.447383	0.00598748
1282	-0.451217	0.0076895
1283	-0.439192	0.00693344
1284	-0.440647	0.00756519
1285	-0.449063	0.00673816
1286	-0.435791	0.00780643
1287	-0.43814	0.00767046
1288	-0.451973	0.00644481
1289	-0.454033	0.0069244
1290	-0.451356	0.00831765
1291	-0.424719	0.0106302
1292	-0.438557	0.0103637
1293	-0.430184	0.00866053
1294	-0.434743	0.00788013
1295	-0.417167	0.0105665
1296	-0.43117	0.00867007
1297	-0.43746	0.00631062
1298	-0.443049	0.00676929
1299	-0.422362	0.00921402
1300	-0.426078	0.00829572
1301	-0.441688	0.00570048
1302	-0.447704	0.00629211
1303	-0.453681	0.00747018
1304	-0.440263	0.0110222
1305	-0.438179	0.00610021
1306	-0.452484	0.00645998
1307	-0.449769	0.0079817
1308	-0.457882	0.00662254
1309	-0.445336	0.00591101
1310	-0.421382	0.0100666
1311	-0.433821	0.00613005
1312	-0.419652	0.00779078
1313	-0.444699	0.00705985
1314	-0.440064	0.00618868
1315	-0.460457	0.0074655
1316	-0.452703	0.0068657
1317	-0.432648	0.00757993
1318	-0.431841	0.00822404
1319	-0.424702	0.00994145
1320	-0.448799	0.00713422
1321	-0.445833	0.00791905
1322	-0.424632	0.0100068
1323	-0.428968	0.0121616
1324	-0.43859	0.00624385
1325	-0.449021	0.00755554
1326	-0.444369	0.00530869
1327	-0.439974	0.00770429
1328	-0.437067	0.00647655
1329	-0.435015	0.00624039
1330	-0.428168	0.0063544
1331	-0.423191	0.00915187
1332	-0.450392	0.00651048
1333	-0.435962	0.00884681
1334	-0.441551	0.00687893
1335	-0.439844	0.00647143
1336	-0.441811	0.00636384
1337	-0.436332	0.00761924
1338	-0.439983	0.0064616
1339	-0.442798	0.0079504
1340	-0.44528	0.00801398
1341	-0.447995	0.00832526
1342	-0.442132	0.006465
1343	-0.434975	0.00820636
1344	-0.438441	0.00714361
1345	-0.428881	0.00851936
1346	-0.447267	0.00642066
1347	-0.42846	0.00693253
1348	-0.441557	0.00679076
1349	-0.429611	0.0090933
1350	-0.439333	0.00780708
1351	-0.43515	0.00865589
1352	-0.450915	0.0064486
1353	-0.417162	0.0129838
1354	-0.436905	0.00825142
1355	-0.429871	0.0114196
1356	-0.417956	0.00902483
1357	-0.423359	0.0146592
1358	-0.423878	0.00904967
1359	-0.437904	0.00829295
1360	-0.43789	0.00840419
1361	-0.426868	0.012856
1362	-0.429522	0.00902276
1363	-0.438621	0.0073462
1364	-0.448484	0.00764462
1365	-0.446	0.00678619
1366	-0.446919	0.00734122
1367	-0.441542	0.00603685
1368	-0.429811	0.00988159
1369	-0.440555	0.00885159
1370	-0.437174	0.00764516
1371	-0.440297	0.00686331
1372	-0.431218	0.00583373
1373	-0.4394	0.00566757
1374	-0.42543	0.00856626
1375	-0.450594	0.00708371
1376	-0.443518	0.00732838
1377	-0.452336	0.00640649
1378	-0.429884	0.0137753
1379	-0.416467	0.0134525
1380	-0.443045	0.00960114
1381	-0.44601	0.00611837
1382	-0.463607	0.00491949
1383	-0.430414	0.00841906
1384	-0.446329	0.00857043
1385	-0.450714	0.0056147
1386	-0.442103	0.00709517
1387	-0.437653	0.00761962
1388	-0.440979	0.00649353
1389	-0.443132	0.00821441
1390	-0.452384	0.00779477
1391	-0.4193	0.0147254
1392	-0.453035	0.00596917
1393	-0.419331	0.0160564
1394	-0.424193	0.00789883
1395	-0.447597	0.00574203
1396	-0.443896	0.00667674
1397	-0.44852	0.0056671
1398	-0.446979	0.00649185
1399	-0.414948	0.0142535
1400	-0.423402	0.0100732
1401	-0.4347	0.00845222
1402	-0.439851	0.00611839
1403	-0.446394	0.0067202
1404	-0.435237	0.00753791
1405	-0.419436	0.00745
1406	-0.43173	0.0111056
1407	-0.452623	0.00847679
1408	-0.441267	0.00856692
1409	-0.438095	0.00829267
1410	-0.425246	0.0118911
1411	-0.416039	0.00900748
1412	-0.429004	0.00799465
1413	-0.433281	0.00770118
1414	-0.436584	0.00794995
1415	-0.435172	0.00869355
1416	-0.451823	0.00847194
1417	-0.445202	0.00652426
1418	-0.429379	0.00815958
1419	-0.45124	0.00762434
1420	-0.450769	0.00645092
1421	-0.452915	0.0068495
1422	-0.446984	0.00722864
1423	-0.450983	0.00867861
1424	-0.449321	0.00663733
1425	-0.45042	0.00726186
1426	-0.445059	0.00548455
1427	-0.4409	0.00564968
1428	-0.431763	0.010488
1429	-0.424564	0.00971817
1430	-0.440761	0.00712001
1431	-0.444706	0.00725619
1432	-0.436126	0.0101906
1433	-0.437187	0.00843972
1434	-0.43419	0.00692064
1435	-0.444348	0.00661452
1436	-0.428711	0.0119858
1437	-0.439472	0.00879474
1438	-0.440954	0.00798093
1439	-0.443374	0.00674833
1440	-0.441513	0.00731319
1441	-0.432952	0.00806103
1442	-0.437111	0.00977819
1443	-0.452261	0.00793674
1444	-0.440225	0.00712579
1445	-0.446453	0.00686449
1446	-0.43135	0.00665424
1447	-0.392262	0.00835843
1448	-0.43698	0.00819336
1449	-0.432519	0.00877031
1450	-0.42588	0.0209362
1451	-0.445779	0.00652146
1452	-0.437924	0.00876498
1453	-0.451289	0.00600433
1454	-0.445268	0.0068684
1455	-0.438276	0.0102824
1456	-0.45361	0.00603938
1457	-0.444433	0.00675553
1458	-0.462992	0.00614895
1459	-0.434991	0.00788322
1460	-0.434405	0.0119283
1461	-0.42671	0.0113993
1462	-0.457466	0.00703915
1463	-0.453494	0.00527866
1464	-0.437851	0.00797678
1465	-0.44361	0.0079438
1466	-0.442951	0.00790068
1467	-0.434549	0.00737778
1468	-0.45745	0.00606062
1469	-0.43798	0.0104568
1470	-0.442559	0.00783733
1471	-0.447496	0.00568352
1472	-0.438723	0.00828256
1473	-0.43484	0.00803291
1474	-0.436506	0.00631948
1475	-0.44286	0.00829509
1476	-0.45091	0.0075088
1477	-0.424592	0.0113086
1478	-0.430799	0.0155855
1479	-0.439643	0.00783126
1480	-0.431922	0.0141795
1481	-0.436242	0.007855
1482	-0.449052	0.00429318
1483	-0.423822	0.0107038
1484	-0.432711	0.00874281
1485	-0.435502	0.0080071
1486	-0.426916	0.00783404
1487	-0.450505	0.00749274
1488	-0.439814	0.00852922
1489	-0.427037	0.00774059
1490	-0.448716	0.00664659
1491	-0.448839	0.00602424
1492	-0.441227	0.00742148
1493	-0.438263	0.0191092
1494	-0.428625	0.00995761
1495	-0.443593	0.0061101
1496	-0.439837	0.00676012
1497	-0.439898	0.00866962
1498	-0.448574	0.0059953
1499	-0.445252	0.00676358
1500	-0.426943	0.00862167
1501	-0.445171	0.00974728
1502	-0.436278	0.0101045
1503	-0.432936	0.00896103
1504	-0.436937	0.00715922
1505	-0.441044	0.00734414
1506	-0.433125	0.00652826
1507	-0.445557	0.00699352
1508	-0.437866	0.00689566
1509	-0.443314	0.00723496
1510	-0.455538	0.007915
1511	-0.443265	0.00878826
1512	-0.446194	0.00806261
1513	-0.446913	0.00776716
1514	-0.438104	0.00844071
1515	-0.438464	0.0112107
1516	-0.437386	0.00648351
1517	-0.445144	0.00660367
1518	-0.449889	0.00676771
1519	-0.445078	0.0102981
1520	-0.430436	0.0113387
1521	-0.428314	0.00762483
1522	-0.430208	0.00888985
1523	-0.450845	0.00567352
1524	-0.459108	0.00635127
1525	-0.447683	0.00740041
1526	-0.435114	0.00794194
1527	-0.443326	0.00592446
1528	-0.451133	0.0063154
1529	-0.438937	0.00847266
1530	-0.448715	0.00769865
1531	-0.432379	0.00977002
1532	-0.444631	0.00749892
1533	-0.441751	0.0106666
1534	-0.445353	0.0062876
1535	-0.444715	0.0096723
1536	-0.426749	0.00815247
1537	-0.424146	0.00894697
1538	-0.43021	0.013946
1539	-0.43336	0.00792188
1540	-0.447605	0.00806584
1541	-0.436979	0.00713452
1542	-0.43854	0.00816786
1543	-0.454685	0.00615069
1544	-0.451717	0.00637039
1545	-0.447383	0.00790044
1546	-0.445209	0.00803706
1547	-0.434083	0.0077965
1548	-0.441966	0.00725959
1549	-0.435505	0.0102015
1550	-0.445215	0.00749607
1551	-0.440702	0.00740852
1552	-0.433789	0.00656472
1553	-0.441504	0.0063081
1554	-0.432854	0.00888207
1555	-0.442383	0.00812394
1556	-0.430205	0.008637
1557	-0.431912	0.00808923
1558	-0.422048	0.0157453
1559	-0.449699	0.00574361
1560	-0.437935	0.00914428
1561	-0.446349	0.00740039
1562	-0.44118	0.00935498
1563	-0.458323	0.00664474
1564	-0.436053	0.00697778
1565	-0.427953	0.0146174
1566	-0.431714	0.0103318
1567	-0.44023	0.00890073
1568	-0.446785	0.00712284
1569	-0.448726	0.00665219
1570	-0.447795	0.00669866
1571	-0.453929	0.00578162
1572	-0.446199	0.00716459
1573	-0.446908	0.00705415
1574	-0.420129	0.0104217
1575	-0.438776	0.00687515
1576	-0.445397	0.00734126
1577	-0.438303	0.00640806
1578	-0.436057	0.0077477
1579	-0.451132	0.00811696
1580	-0.448302	0.00726623
1581	-0.455252	0.00643582
1582	-0.439857	0.00675925
1583	-0.441394	0.00776485
1584	-0.43835	0.00902028
1585	-0.441209	0.0100106
1586	-0.434201	0.00973665
1587	-0.426576	0.0118833
1588	-0.440774	0.0095416
1589	-0.438602	0.00783734
1590	-0.448773	0.00703126
1591	-0.445237	0.005985
1592	-0.441403	0.00719003
1593	-0.429726	0.00968166
1594	-0.441751	0.00752387
1595	-0.441313	0.00742829
1596	-0.442583	0.00877087
1597	-0.440174	0.00832582
1598	-0.432134	0.00921228
1599	-0.42633	0.0132207
1600	-0.442984	0.00797131
1601	-0.443805	0.00733987
1602	-0.438162	0.0114338
1603	-0.44391	0.00777342
1604	-0.452844	0.00565786
1605	-0.443972	0.00751127
1606	-0.419205	0.0197893
1607	-0.445422	0.00542946
1608	-0.449649	0.00714432
1609	-0.450001	0.00667493
1610	-0.447611	0.00800735
1611	-0.450108	0.00827545
1612	-0.426621	0.0127748
1613	-0.450047	0.00718786
1614	-0.443933	0.00729206
1615	-0.440769	0.00923436
1616	-0.437476	0.00845711
1617	-0.421554	0.0108325
1618	-0.446855	0.00674884
1619	-0.455197	0.00598629
1620	-0.43653	0.0110154
1621	-0.447476	0.00671156
1622	-0.443732	0.00762298
1623	-0.440898	0.00772191
1624	-0.443483	0.00755667
1625	-0.441377	0.00716394
1626	-0.44109	0.00935888
1627	-0.424024	0.0147852
1628	-0.4259	0.00927889
1629	-0.440855	0.00797965
1630	-0.438658	0.00657071
1631	-0.455418	0.00574881
1632	-0.453233	0.0063571
1633	-0.439817	0.00672298
1634	-0.431198	0.00535111
1635	-0.4287	0.00718567
1636	-0.453253	0.00490192
1637	-0.439277	0.0101718
1638	-0.430194	0.0130551
1639	-0.424024	0.0109344
1640	-0.433373	0.00594269
1641	-0.441402	0.00588229
1642	-0.448338	0.00553009
1643	-0.444272	0.00645639
1644	-0.412596	0.0174697
1645	-0.439543	0.00767164
1646	-0.438816	0.00690224
1647	-0.422974	0.014188
1648	-0.430404	0.00629308
1649	-0.435055	0.00994275
1650	-0.445863	0.00636718
1651	-0.430986	0.00730535
1652	-0.447782	0.00611302
1653	-0.449583	0.00709028
1654	-0.430969	0.0107681
1655	-0.438133	0.00706479
1656	-0.43594	0.00858928
1657	-0.455963	0.00622956
1658	-0.43072	0.0161403
1659	-0.438892	0.00830622
1660	-0.434637	0.00567287
1661	-0.434431	0.0088438
1662	-0.435863	0.0121207
1663	-0.428483	0.00834278
1664	-0.434213	0.00799016
1665	-0.445398	0.00656301
1666	-0.426723	0.0100876
1667	-0.446015	0.00752168
1668	-0.452226	0.00714431
1669	-0.444564	0.00730267
1670	-0.436859	0.007604
1671	-0.459312	0.00621748
1672	-0.434996	0.0151883
1673	-0.446624	0.00935395
1674	-0.446036	0.00848998
1675	-0.433923	0.00835489
1676	-0.450622	0.00757965
1677	-0.444735	0.00991451
1678	-0.440313	0.00731007
1679	-0.439896	0.00770701
1680	-0.456746	0.00542796
1681	-0.437331	0.00858972
1682	-0.444517	0.00591951
1683	-0.427855	0.00824891
1684	-0.441139	0.00669359
1685	-0.445021	0.005821
1686	-0.439278	0.00638424
1687	-0.454427	0.00570228
1688	-0.430879	0.00636805
1689	-0.428447	0.00721343
1690	-0.442531	0.0067853
1691	-0.441393	0.00700939
1692	-0.454664	0.0072639
1693	-0.432283	0.00754472
1694	-0.436901	0.00734716
1695	-0.439458	0.00714276
1696	-0.446899	0.0088583
1697	-0.435818	0.00768235
1698	-0.446626	0.00828304
1699	-0.435844	0.00750864
1700	-0.436735	0.0078323
1701	-0.446141	0.00763091
1702	-0.448346	0.00590936
1703	-0.439683	0.00738414
1704	-0.457067	0.00621298
1705	-0.440758	0.00863302
1706	-0.42988	0.0182109
1707	-0.423927	0.00880058
1708	-0.438464	0.00875305
1709	-0.455752	0.00624287
1710	-0.449873	0.00563632
1711	-0.452817	0.00739504
1712	-0.444636	0.00935994
1713	-0.437393	0.00889765
1714	-0.431989	0.011757
1715	-0.439263	0.00721875
1716	-0.450925	0.00681865
1717	-0.43794	0.00822645
1718	-0.428567	0.0102991
1719	-0.437791	0.00897169
1720	-0.433532	0.00909051
1721	-0.432384	0.0104626
1722	-0.446182	0.00627956
1723	-0.450194	0.00699436
1724	-0.439868	0.00803411
1725	-0.435253	0.0125346
1726	-0.450158	0.00660225
1727	-0.435077	0.00818331
1728	-0.42362	0.00708942
1729	-0.443352	0.00759727
1730	-0.4327	0.00893667
1731	-0.429297	0.0175149
1732	-0.44439	0.00561775
1733	-0.442858	0.00692132
1734	-0.43797	0.00601017
1735	-0.444667	0.00668201
1736	-0.434656	0.00736929
1737	-0.448229	0.00797214
1738	-0.42254	0.0103049
1739	-0.441837	0.00744265
1740	-0.445229	0.0074406
1741	-0.444318	0.00810178
1742	-0.436619	0.00790226
1743	-0.437391	0.0074197
1744	-0.447233	0.00747819
1745	-0.436162	0.0099208
1746	-0.417778	0.010752
1747	-0.413917	0.0124179
1748	-0.429991	0.0110261
1749	-0.445993	0.00608269
1750	-0.439288	0.00657164
1751	-0.450135	0.00695723
1752	-0.444498	0.00951634
1753	-0.449995	0.00518301
1754	-0.429208	0.0087696
1755	-0.444732	0.00518956
1756	-0.440004	0.00629037
1757	-0.447691	0.0070287
1758	-0.446237	0.00789033
1759	-0.453327	0.00626779
1760	-0.439722	0.00847567
1761	-0.43292	0.00658423
1762	-0.438369	0.00655665
1763	-0.442346	0.0076791
1764	-0.438845	0.00621247
1765	-0.445493	0.0076769
1766	-0.439118	0.00791507
1767	-0.441246	0.00981096
1768	-0.443335	0.00676063
1769	-0.438503	0.00692409
1770	-0.431795	0.0076116
1771	-0.422905	0.00847416
1772	-0.427832	0.00891846
1773	-0.435939	0.00711084
1774	-0.449083	0.00610287
1775	-0.433778	0.00597522
1776	-0.437762	0.00711255
1777	-0.445869	0.00642778
1778	-0.448672	0.00723138
1779	-0.446804	0.00638475
1780	-0.446364	0.00616744
1781	-0.451975	0.00797411
1782	-0.44351	0.00789578
1783	-0.448583	0.00541857
1784	-0.437639	0.00638189
1785	-0.43992	0.00696361
1786	-0.438682	0.00583788
1787	-0.430405	0.00708609
1788	-0.441187	0.00624789
1789	-0.459684	0.00648421
1790	-0.436107	0.00831207
1791	-0.436871	0.00578022
1792	-0.424009	0.00751921
1793	-0.423141	0.00762736
1794	-0.438497	0.00637078
1795	-0.437281	0.00679473
1796	-0.432681	0.00741085
1797	-0.448341	0.00791084
1798	-0.436178	0.00894978
1799	-0.427602	0.0080614
1800	-0.444283	0.00702719
1801	-0.437071	0.00778829
1802	-0.435074	0.00855849
1803	-0.453705	0.00475012
1804	-0.439545	0.00624397
1805	-0.448201	0.0060288
1806	-0.440149	0.0082707
1807	-0.449135	0.00687216
1808	-0.449215	0.0062265
1809	-0.437536	0.00811458
1810	-0.436413	0.0113599
1811	-0.452475	0.00669246
1812	-0.449252	0.00608375
1813	-0.442249	0.0062287
1814	-0.445839	0.00652641
1815	-0.437428	0.00685383
1816	-0.42605	0.00642764
1817	-0.453931	0.00643075
1818	-0.442781	0.00586987
1819	-0.434873	0.00926828
1820	-0.436377	0.00855084
1821	-0.444933	0.00861244
1822	-0.45073	0.0068374
1823	-0.446982	0.00548429
1824	-0.436084	0.00736883
